001026
001306
001226
001300
001139
001070
001025
001275
001140
001049
001035
001178
001059
001136
001203
001299
001111
001011
001142
001202
001173
001058
001191
001197
001205
001254
001186
001310
001174
001041
001258
001071
001242
001260
001065
001200
001204
001123
001307
001250
001195
001308
001110
001074
001087
001002
001168
001201
001193
001122
001198
001222
001097
001257
001127
001156
001234
001309
001048
001315
001053
001190
001051
001263
001145
001184
001280
001215
001078
001227
001164
001194
001171
001175
001214
001103
001183
001115
001089
001276
001024
001272
001038
001241
001163
001153
001012
001259
001009
001211
001302
001219
001192
001245
001158
001144
001013
001228
001232
001018
001180
001045
001100
001281
001149
001147
001044
001120
001090
001285
001080
001117
001305
001081
001256
001283
001112
001262
001068
001062
001255
001189
001249
001085
001008
001303
001006
001037
001213
001060
001093
001055
001032
001022
001292
001239
001284
001243
001265
001039
001069
001294
001129
001270
001040
001076
001114
001099
001028
001229
001154
001252
001064
001063
001253
001116
001126
001034
001130
001291
001082
001314
001220
001162
001293
001289
001313
001282
001104
001248
001131
001157
001169
001236
001086
001135
001286
001166
001237
001240
001301
001273
001225
001046
001113
001161
001106
001218
001119
001146
001047
001148
001217
001033
001109
001279
001128
001016
001019
001170
001152
001003
001188
001246
001102
001221
001094
001155
001304
001244
001088
001101
001043
001072
001023
001172
001133
001216
001141
001050
001311
001083
001107
001118
001176
001187
001251
001150
001075
001207
001159
001143
001054
001031
001206
001269
001231
001287
001096
001296
001066
001015
001001
001134
001052
001295
001261
001267
001223
001095
001238
001056
001098
001290
001021
001247
001274
001007
001264
001014
001029
001185
001017
001268
001208
001004
001165
001091
001084
001073
001179
001092
001298
001199
001125
001181
001312
001079
001138
001124
001108
001137
001196
001177
001027
001020
001182
001005
001230
001067
001233
001212
001105
001224
001121
001132
001042
001297
001151
001277
001160
001061
001036
001077
001030
001278
001010
001288
001209
001271
001266
001210
001167
001057
001235
001316
