002090
002049
002058
002082
002148
002030
002047
002142
002128
002067
002071
002147
002093
002007
002118
002054
002042
002104
002011
002070
002150
002052
002079
002126
002015
002131
002088
002031
002004
002133
002164
002108
002045
002033
002089
002003
002163
002032
002059
002065
002009
002021
002006
002035
002122
002062
002068
002061
002116
002072
002137
002016
002066
002152
002102
002110
002135
002097
002096
002114
002107
002134
002166
002156
002025
002014
002043
002008
002078
002048
002121
002002
002041
002057
002113
002029
002091
002158
002017
002115
002127
002170
002171
