003023
003164
003146
003158
003077
003144
003104
003141
003041
003069
003106
003049
003149
003134
003037
003018
003135
003129
003131
003159
003068
003039
003090
003083
003042
003027
003030
003032
003138
003036
003016
003100
003065
003012
003073
003139
003108
003045
003044
003153
003143
003066
003097
003091
003130
003001
003060
003121
003055
003021
003122
003047
003058
003154
003024
003025
003019
003157
003088
003043
003079
003071
003052
003070
003082
003109
003008
003062
003076
003026
003114
003140
003120
003133
003112
003022
003002
003095
003051
003119
003115
003098
003006
003103
003084
003116
003093
003040
