004031
004039
004155
004005
004084
004110
004095
004190
004068
004114
004233
004186
004239
004090
004091
004248
004028
004163
004159
004177
004249
004183
004002
004185
004008
004111
004079
004192
004134
004127
004227
004123
004025
004162
004167
004216
004015
004093
004126
004165
004153
004235
004054
004175
004245
004210
004125
004066
004191
004182
004242
004204
004243
004078
004064
004022
004139
004130
004141
004016
004118
004234
004199
004006
004038
004173
004108
004053
004119
004144
004151
004030
004201
004035
004052
004200
004184
004160
004040
004001
004069
004188
004102
004229
004189
004082
004138
004124
004060
004207
004049
004120
004145
004098
004061
004136
004014
004071
004131
004211
004034
004043
004044
004112
004089
004178
004050
004018
004187
004247
004174
004225
004232
004019
004224
004206
004086
004150
004097
004023
004027
004169
004236
004081
004109
004221
004164
004122
004244
004197
004088
004237
004107
004205
004092
004215
004083
004017
004070
004226
004075
004219
004021
004033
004195
004166
004063
004076
004073
004129
004132
004047
004161
004147
004152
004250
004026
004240
004202
004158
004007
004103
004032
004106
004218
004220
004004
004121
004104
004094
004116
004096
004065
004067
004013
004196
004057
004024
004180
004209
004203
004172
004055
004157
004105
004020
004137
004048
004117
004154
004193
004080
004181
004231
004003
004074
004115
004217
004100
004194
004085
004077
004012
004029
004238
004128
004212
004059
004213
004036
004156
004142
004230
004149
004170
004011
004198
004148
004056
004072
004058
004168
004223
004246
004146
004208
004228
004009
004101
004046
004042
004222
004179
004143
004010
004135
004241
004113
004051
004171
004176
004099
004140
004037
004062
004214
004087
004045
004041
004133
