005104
005094
005081
005064
005098
005113
005068
005037
005060
005011
005105
005021
005017
005095
005072
005032
005024
005041
005013
005015
005054
005027
005088
005022
005061
005050
005080
005100
005065
005063
005001
005030
005029
005058
005120
005111
005076
005066
005010
005059
005097
005048
005099
005040
005008
005003
005116
005071
005074
005096
005093
005090
005005
005033
005034
005112
005053
005036
005028
005108
005006
005018
005117
005007
005052
005026
005118
005089
005067
005023
005101
005115
005062
005091
005087
005077
005039
005045
005016
005047
005025
005049
005073
005106
005119
005044
005038
005055
005103
005014
005075
005107
005056
005012
005019
005114
005020
005046
005109
005084
005083
005057
005035
005086
005031
005082
005121
005051
005085
005069
005070
005002
005042
005004
005009
005092
005110
005079
