006165
006125
006022
006136
006093
006095
006044
006090
006036
006069
006190
006106
006088
006169
006034
006014
006038
006121
006065
006111
006048
006092
006055
006110
006084
006063
006134
006100
006187
006139
006081
006001
006017
006035
006176
006112
006162
006049
006147
006025
006146
006148
006172
006009
006085
006168
006033
006119
006104
006067
006002
006144
006143
006160
006180
006029
006005
006070
006028
006140
006161
006018
006167
006043
006114
006170
006052
006102
006127
006191
006012
006066
006157
006074
006021
006079
006156
006155
006083
006024
006045
006037
006047
006078
006054
006010
006032
006138
006183
006031
006071
006041
006062
006015
006174
006124
006107
006108
006019
006098
006166
006186
006058
006122
006075
006091
006030
006158
006137
006101
006003
006188
006016
006142
006181
006189
006068
006040
006163
006046
006151
006141
006132
006105
006076
006007
006053
006129
006128
006145
006013
006051
006154
006064
006089
006177
006179
006026
006086
006087
006008
006096
006004
006118
006072
006182
006094
006120
006061
006115
006149
006082
006056
006050
006131
006117
006023
006150
006057
006135
006113
006123
006020
006116
006173
006178
006175
006171
006059
006097
006153
006159
006164
006133
006073
006184
006077
006027
006099
006060
006109
006011
006185
006039
006152
006126
006103
006192
