007055
007070
007021
007023
007050
007018
007042
007068
007056
007052
007048
007034
007009
007004
007037
007027
007028
007041
007017
007005
007008
007074
007035
007031
007036
007060
007019
007011
007073
007014
007006
007043
007015
007040
007029
007051
007061
007063
007066
007038
007003
007049
007058
007054
007045
007044
007072
007059
007053
007022
007057
007030
007064
007067
007062
007069
007024
007002
007039
007026
007001
007047
007046
007010
007007
007012
007013
007016
007020
007025
007032
007033
007065
007071
