012090
012026
012109
012034
012118
012130
012119
012042
012068
012140
012108
012098
012075
012123
012032
012070
012079
012050
012040
012067
012122
012078
012039
012005
012029
012048
012012
012127
012107
012077
012085
012089
012033
012044
012138
012121
012120
012124
012002
012080
012136
012035
012047
012046
012003
012105
012137
012057
012036
012101
012006
012064
012023
012125
012132
012134
012054
012073
012025
012091
012016
012028
012111
012133
012096
012082
012071
012126
012128
012049
012116
012084
012014
012018
012030
012072
012017
012095
012038
012008
012009
012013
012004
012052
012093
012139
012104
012088
012053
012031
012074
012043
012055
012117
012063
012083
012015
012110
012141
012007
012131
012058
012021
012011
012087
012051
012019
012037
012115
012010
012113
012062
012059
012100
012060
012045
012024
012066
012041
012069
012097
012114
012099
012022
012102
012081
012027
012086
012103
012076
012020
012092
012056
012142
012065
012061
012129
012106
012001
