013202
013227
013159
013035
013201
013143
013045
013133
013131
013128
013068
013028
013100
013064
013163
013046
013137
013101
013048
013114
013036
013010
013238
013041
013242
013012
013118
013029
013102
013055
013084
013034
013059
013007
013053
013138
013136
013212
013023
013121
013169
013135
013022
013245
013009
013110
013043
013170
013147
013075
013006
013154
013157
013165
013004
013129
013215
013003
013095
013097
013222
013005
013099
013038
013206
013232
013228
013251
013197
013134
013192
013199
013058
013026
013032
013024
013193
013188
013223
013042
013098
013065
013052
013144
013013
013152
013195
013037
013229
013044
013119
013217
013186
013161
013123
013015
013211
013030
013246
013139
013250
013236
013063
013126
013011
013087
013074
013203
013184
013025
013252
013120
013040
013253
013187
013071
013234
013113
013189
013111
013145
013021
013047
013185
013233
013077
013207
013085
013204
013083
013062
013183
013106
013090
013160
013249
013218
013107
013089
013239
013092
013130
013226
013155
013216
013248
013178
013153
013254
