014031
014006
014001
014011
014049
014016
014065
014064
014030
014047
014056
014026
014052
014055
014063
014024
014045
014029
014002
014048
014069
014003
014039
014027
014022
014017
014025
014005
014053
014014
014023
014007
014004
014078
014015
014028
014020
014061
014044
014010
014051
014070
014021
014046
014041
014075
014066
014059
014074
014038
014067
014062
014068
014008
014057
014032
014013
014076
014040
014019
014036
014054
014034
014050
014033
014077
014043
014018
014058
014060
014073
014072
014012
014071
014035
014009
014037
