015191
015151
015115
015022
015236
015202
015055
015150
015071
015035
015042
015024
015050
015125
015188
015173
015158
015247
015244
015002
015015
015140
015195
015189
015082
015101
015112
015103
015165
015159
015246
015235
015011
015222
015139
015192
015146
015169
015036
015005
015220
015184
015061
015078
015097
015093
015210
015074
015026
015130
015085
015167
015171
015185
015019
015012
015243
015204
015122
015087
015211
015224
015205
015175
015134
015200
015237
015010
015142
015096
015070
015144
015164
015179
015059
015229
015182
015113
015183
015242
015178
015060
015058
015170
015108
015081
015226
015176
015040
015062
015168
015154
015209
015038
015009
015016
015114
015007
015041
015027
015157
015086
015032
015098
015077
015106
015051
015172
015116
015155
015166
015177
015046
015230
015194
015099
015248
015131
015136
015044
015105
015206
015014
015249
015072
015118
015201
015219
015110
015076
015221
015213
015181
015250
