016101
016019
016053
016217
016135
016013
016142
016177
016122
016047
016010
016044
016097
016087
016059
016105
016183
016219
016020
016140
016154
016076
016040
016133
016096
016079
016063
016129
016172
016011
016206
016157
016049
016141
016167
016113
016075
016233
016051
016029
016232
016037
016222
016081
016043
016028
016212
016153
016066
016120
016126
016245
016062
016098
016152
016207
016117
016034
016073
016091
016198
016131
016018
016031
016072
016209
016055
016084
016114
016016
016088
016123
016109
016150
016220
016250
016024
016242
016193
016218
016139
016042
016003
016046
016030
016244
016189
016174
016251
016213
016001
016235
016170
016089
016104
016211
016094
016132
016160
016115
016057
016203
016176
016143
016216
016238
016237
016069
016194
016025
016224
016214
016178
016038
016130
016032
016068
016009
016240
016171
016159
016021
016156
016155
016236
016119
016006
016144
016202
016173
016004
016169
016008
016074
016005
016058
016002
016007
016102
016239
016137
016052
016180
016221
016200
016110
016205
016093
016208
016196
016246
016185
016070
016026
016179
016050
016124
016197
016161
016248
016111
016067
016015
016022
016085
016100
016060
016023
016252
016204
016162
016108
016247
016128
016234
016035
016082
016186
016190
016086
016027
016071
016041
016199
016249
016187
016033
016253
016080
016116
016148
016168
016127
016106
016182
016077
016188
016201
016210
016092
016230
016146
016175
016158
016064
016099
016149
016163
016241
016048
016125
016012
016147
016184
016061
016164
016078
016017
016136
016227
016145
016229
016118
016166
016151
016243
016121
016165
016191
016036
016090
016225
016195
016223
016014
016134
016107
016056
016226
016103
016083
016065
