017071
017073
017177
017004
017149
017160
017152
017108
017196
017080
017086
017137
017159
017172
017053
017001
017203
017013
017195
017020
017103
017034
017039
017088
017078
017200
017122
017138
017125
017113
017092
017151
017011
017066
017009
017146
017032
017064
017093
017126
017037
017067
017162
017099
017008
017026
017114
017147
017060
017190
017179
017021
017043
017097
017072
017173
017042
017091
017107
017014
017167
017052
017029
017161
017041
017045
017186
017015
017129
017192
017033
017188
017166
017120
017109
017165
017180
017119
017155
017056
017023
017046
017102
017145
017127
017040
017150
017081
017116
017133
017178
017132
017158
017059
017136
017077
017048
017130
017163
017171
017069
017117
017057
017170
017061
017025
017193
017031
017164
017074
017002
017062
017112
017123
017156
017201
017038
017096
017003
017168
017204
017199
017121
017085
017153
017144
017187
017134
017174
017019
017076
017012
017157
017182
017044
017104
017075
017169
017111
017197
017191
017115
017139
017090
017036
017087
017106
017140
017082
017183
017105
017185
017194
017205
017141
017024
017143
017098
017189
017084
017058
017005
017010
017007
017089
017142
017079
017070
017065
017018
017017
017006
017206
017055
017028
017022
017128
017100
017027
017094
017118
017095
017049
017050
017124
017035
017054
017051
017135
017047
017131
017176
017016
017063
017101
017175
017181
017068
017148
017198
017083
017202
017184
017110
017030
