018170
018021
018142
018171
018089
018042
018117
018007
018128
018184
018073
018098
018132
018064
018126
018122
018016
018017
018121
018028
018155
018094
018125
018183
018096
018074
018143
018182
018051
018025
018037
018033
018095
018101
018105
018111
018082
018131
018057
018161
018036
018100
018065
018140
018113
018084
018067
018134
018149
018174
018097
018124
018032
018029
018154
018120
018024
018049
018191
018054
018020
018090
018038
018116
018153
018187
018115
018008
018156
018088
018005
018108
018047
018023
018138
018062
018178
018091
018011
018112
018190
018066
018146
018002
018026
018114
018188
018083
018031
018175
018099
018145
018118
018152
018133
018092
018041
018119
018058
018048
018151
018147
018061
018013
018006
018139
018106
018167
018148
018022
018081
018168
018162
018158
018172
018136
018076
018179
018030
018169
018027
018137
018093
018004
018063
018001
018164
018110
018059
018186
018069
018189
018104
018045
018060
018071
018077
018053
018181
018159
018085
018079
018180
018141
018144
018039
018129
018157
018087
018086
018015
018135
018046
018018
018080
018019
018068
018040
018130
018072
018043
018185
018014
018163
018176
018044
018177
018160
018012
018173
018103
018009
018165
018107
018123
018003
018109
018127
018050
018034
018078
018052
018150
018075
018035
018102
018166
018192
