019021
019057
019052
019108
019103
019089
019061
019023
019083
019074
019090
019092
019101
019096
019031
019091
019028
019099
019048
019071
019036
019106
019008
019115
019040
019006
019075
019056
019009
019107
019042
019014
019038
019113
019100
019046
019030
019001
019053
019070
019076
019095
019069
019051
019068
019026
019050
019114
019077
019033
019065
019064
019045
019013
019093
019044
019088
019003
019049
019063
019085
019016
019032
019025
019080
019059
019060
019022
019098
019007
019034
019027
019082
019018
019004
019081
019047
019055
019012
019110
019039
019029
019054
019043
019041
019035
019087
019005
019097
019111
019058
019086
019104
019062
019102
019109
019067
019066
019037
019011
019079
019020
019019
019017
019105
019078
019094
019015
019084
019002
019073
019010
019112
019024
019072
