021076
021045
021025
021003
021029
021053
021024
021102
021098
021015
021001
021060
021105
021059
021058
021012
021040
021004
021043
021008
021069
021023
021104
021049
021100
021095
021031
021072
021019
021097
021118
021089
021085
021055
021084
021002
021079
021026
021099
021006
021042
021035
021037
021050
021061
021007
021041
021018
021093
021056
021066
021065
021039
021082
021033
021047
021103
021067
021112
021086
021051
021038
021028
021092
021114
021020
021117
021036
021048
021022
021094
021005
021064
021062
021116
021091
021011
021009
021046
021087
021101
021014
021044
021111
021073
021077
021080
021106
021052
021113
021057
021054
021081
021013
021109
021083
021071
021075
021032
021074
021021
021027
021030
021110
021063
021070
021016
021034
021088
021096
021115
021017
021107
021010
021108
021068
