022165
022007
022001
022210
022025
022203
022021
022124
022183
022123
022161
022153
022193
022087
022006
022238
022098
022135
022127
022229
022234
022191
022222
022045
022144
022224
022102
022232
022128
022109
022078
022013
022104
022034
022199
022083
022058
022003
022095
022017
022246
022079
022053
022236
022205
022032
022091
022239
022022
022130
022049
022139
022190
022129
022048
022059
022243
022216
022244
022247
022182
022188
022156
022090
022171
022240
022043
022189
022142
022248
022231
022157
022202
022138
022179
022168
022085
022009
022038
022018
022097
022061
022089
022115
022184
022133
022015
022002
022112
022029
022120
022103
022011
022005
022108
022093
022081
022225
022092
022241
022143
022209
022126
022042
022172
022164
022052
022117
022167
022047
022180
022249
022235
022177
022050
022116
022080
022037
022196
022134
022213
022200
022226
022181
022131
022040
022233
022160
022147
022137
022074
022114
022064
022230
022242
022041
022070
022211
022136
022062
022068
022173
022110
022195
022118
022150
022033
022169
022054
022237
022155
022152
022030
022154
022071
022060
022176
022026
022250
022051
022170
022063
022027
022162
022159
022088
022111
022163
022039
022113
022046
022036
022106
022035
022228
022245
