023095
023020
023037
023019
023085
023084
023053
023072
023068
023010
023008
023029
023003
023032
023048
023012
023040
023009
023075
023065
023088
023041
023061
023066
023092
023054
023002
023027
023064
023094
023055
023051
023060
023089
023016
023007
023096
023056
023098
023097
023071
023004
023021
023091
023069
023082
023073
023017
023081
023083
023028
023059
023022
023042
023050
023039
023024
023049
023015
023047
023043
023058
023063
023076
023057
023087
023070
023077
023006
023052
023023
023046
023062
023035
023074
023038
023067
023001
023093
023005
023036
023030
023031
023026
023011
023078
023086
023090
023080
023033
023018
023013
023079
023014
023034
023045
023044
023025
