024074
024079
024001
024102
024022
024010
024075
024052
024002
024003
024117
024124
024123
024071
024065
024121
024064
024043
024098
024060
024006
024015
024027
024051
024046
024120
024061
024047
024068
024004
024116
024021
024108
024008
024029
024103
024036
024083
024066
024110
024072
024028
024044
024035
024013
024094
024017
024018
024005
024111
024034
024048
024067
024038
024091
024016
024055
024037
024082
024118
024063
024062
024100
024105
024099
024014
024104
024088
024056
024084
024107
024087
024025
024057
024119
024040
024095
024078
024024
024053
024090
024020
024033
024114
024093
024031
024009
024039
024041
024042
024054
024085
024089
024122
024007
024019
024030
024032
024049
024050
024076
024080
024106
024112
024115
024012
024023
024026
024058
024059
024070
024073
024077
024081
024086
024101
024096
024097
024113
