026043
026009
026069
026063
026095
026086
026066
026012
026047
026064
026010
026081
026044
026035
026089
026094
026071
026055
026008
026013
026036
026070
026015
026091
026059
026068
026005
026058
026085
026016
026001
026046
026049
026040
026093
026062
026077
026082
026052
026051
026034
026029
026003
026017
026006
026002
026032
026039
026041
026050
026004
026074
026038
026088
026024
026023
026075
026028
026025
026037
026054
026045
026011
026048
026080
026061
026014
026056
026083
026090
026031
026060
026019
026021
026076
026072
026073
026026
026057
026087
026033
026065
026079
026053
026022
026027
026042
026020
026092
026018
026084
026007
026078
026067
026030
