028097
028010
028084
028012
028049
028062
028029
028004
028088
028043
028053
028070
028002
028027
028098
028008
028052
028102
028094
028083
028087
028067
028095
028037
028022
028055
028035
028006
028021
028034
028059
028056
028107
028079
028090
028068
028033
028009
028014
028007
028026
028065
028047
028015
028061
028005
028028
028040
028031
028011
028106
028048
028066
028057
028105
028089
028092
028044
028082
028001
028003
028069
028071
028085
028060
028086
028030
028073
028058
028100
028072
028096
028054
028103
028016
028099
028045
028018
028017
028063
028036
028075
028013
028050
028041
028020
028019
028080
028076
028101
028042
028064
028078
028046
028038
028032
028077
028091
028023
028039
028093
028104
