030189
030025
030123
030043
030059
030111
030035
030095
030049
030135
030072
030026
030109
030116
030090
030027
030099
030003
030078
030124
030022
030055
030102
030011
030046
030041
030063
030092
030068
030113
030107
030033
030082
030048
030073
030098
030188
030121
030064
030058
030117
030136
030106
030087
030030
030019
030114
030007
030097
030110
030009
030120
030060
030070
030093
030047
030083
030127
030042
030023
030079
030014
030112
030101
030061
030045
030012
030075
030031
030128
030071
030013
030065
030056
030052
030037
030084
030105
030118
030094
030130
030018
030104
030089
030137
030080
030015
030020
030133
030039
030081
030053
030132
030040
030100
030032
030126
030057
030001
030108
030069
030004
030028
030010
030034
030006
030138
030044
030088
030131
030029
030066
030067
030051
030008
030077
030054
030024
030074
030091
030129
030122
030103
030085
030062
030086
030021
030002
030076
030016
030005
030036
030190
030191
