057064
057047
057071
057058
057018
057020
057049
057007
057046
057044
057027
057054
057048
057004
057019
057013
057055
057068
057036
057073
057030
057014
057041
057062
057056
057011
057038
057069
057063
057050
057053
057034
057042
057029
057028
057052
057023
057043
057066
057010
057021
057061
057065
057067
057059
057005
057070
057012
057016
057035
057040
057003
057039
057025
057008
057072
057026
057024
057037
057015
057006
057031
057009
057033
057060
057057
057022
057051
057045
057032
057017
057002
057001
