058072
058007
058117
058020
058111
058045
058062
058050
058079
058011
058009
058102
058043
058041
058003
058091
058115
058070
058086
058022
058034
058088
058046
058110
058074
058057
058042
058060
058118
058049
058064
058026
058119
058039
058120
058035
058073
058085
058008
058114
058090
058019
058025
058100
058040
058048
058078
058012
058001
058103
058077
058095
058021
058089
058044
058108
058030
058017
058027
058104
058116
058084
058002
058023
058028
058014
058047
058094
058101
058029
058006
058055
058112
058122
058056
058096
058098
058092
058010
058005
058053
058059
058097
058075
058087
058031
058083
058051
058065
058076
058081
058109
058093
058013
058105
058032
058024
058004
058054
058038
058113
058061
058015
058018
058063
058067
058107
058052
058066
058068
058016
058071
058036
058082
058058
058033
058069
058099
058106
058080
058037
