060030
060031
060066
060083
060012
060021
060067
060065
060063
060082
060005
060056
060054
060019
060051
060070
060007
060052
060089
060023
060047
060064
060022
060026
060027
060060
060091
060032
060090
060068
060084
060025
060029
060077
060008
060041
060024
060001
060055
060059
060058
060075
060069
060076
060048
060013
060011
060017
060009
060061
060044
060088
060050
060036
060038
060079
060014
060010
060018
060040
060045
060033
060004
060085
060020
060003
060037
060073
060086
060006
060062
060072
060043
060074
060015
060057
060016
060046
060039
060081
060087
060028
060035
060042
060049
060002
060078
060053
060071
060080
060034
