061087
061005
061027
061046
061029
061053
061054
061094
061090
061043
061099
061074
061103
061075
061016
061077
061020
061037
061092
061098
061048
061049
061019
061004
061082
061083
061012
061104
061085
061028
061013
061047
061062
061078
061022
061084
061042
061067
061097
061021
061018
061032
061081
061052
061015
061101
061036
061026
061060
061100
061007
061061
061023
061089
061024
061056
061088
061009
061055
061011
061017
061102
061073
061040
061035
061010
061091
061045
061003
061072
061071
061058
061068
061033
061041
061002
061070
061008
061095
061050
061006
061059
061031
061039
061080
061069
061086
061093
061065
061057
061066
061001
061051
061025
061064
061076
061063
061096
061030
061079
061044
061034
061038
061014
