062047
062048
062006
062032
062005
062022
062067
062065
062066
062001
062040
062043
062028
062070
062071
062009
062058
062012
062004
062010
062060
062003
062075
062014
062008
062038
062018
062077
062027
062021
062045
062035
062030
062039
062073
062076
062078
062011
062002
062074
062052
062049
062053
062037
062050
062062
062019
062055
062068
062034
062046
062059
062063
062015
062061
062029
062033
062054
062064
062013
062016
062036
062023
062056
062026
062042
062024
062044
062041
062031
062051
062025
062007
062057
062072
062069
062017
062020
