063004
063014
063080
063071
063053
063086
063003
063044
063046
063054
063035
063024
063039
063078
063022
063007
063090
063074
063031
063019
063083
063058
063037
063038
063091
063009
063008
063084
063061
063049
063055
063082
063064
063081
063047
063006
063051
063059
063068
063067
063052
063060
063092
063056
063072
063079
063066
063070
063026
063050
063063
063076
063089
063034
063017
063077
063015
063040
063057
063023
063041
063048
063005
063021
063025
063087
063069
063088
063043
063010
063042
063012
063045
063062
063020
063075
063001
063002
063036
063032
063016
063073
063018
063028
063029
063011
063085
063030
063033
063013
063027
063065
