064098
064014
064009
064057
064017
064099
064101
064121
064077
064044
064030
064034
064108
064043
064029
064001
064066
064089
064084
064064
064088
064119
064095
064054
064015
064013
064058
064021
064008
064031
064026
064106
064063
064047
064068
064092
064102
064006
064024
064081
064028
064023
064003
064065
064109
064086
064049
064069
064010
064007
064103
064046
064067
064016
064105
064039
064018
064055
064042
064100
064076
064070
064079
064040
064082
064075
064004
064053
064117
064091
064073
064011
064074
064035
064045
064104
064083
064036
064033
064059
064002
064107
064090
064093
064025
064114
064080
064113
064019
064078
064071
064027
064050
064060
064041
064110
064111
064056
064072
064038
064022
064112
064116
064032
064085
064087
064115
064097
064012
064005
064048
064118
064120
064052
064096
064051
064037
064020
