065039
065021
065134
065119
065107
065127
065156
065059
065038
065148
065150
065149
065096
065027
065124
065070
065077
065062
065009
065040
065054
065109
065029
065004
065028
065032
065098
065026
065049
065123
065080
065154
065076
065133
065071
065144
065141
065024
065084
065115
065139
065057
065069
065091
065153
065064
065092
065031
065085
065061
065023
065018
065095
065075
065136
065112
065145
065060
065147
065103
065087
065002
065065
065074
065042
065081
065146
065114
065113
065051
065152
065058
065025
065106
065111
065015
065126
065048
065129
065035
065008
065128
065125
065010
065086
065030
065097
065003
065012
065094
065050
065005
065045
065140
065101
065093
065019
065143
065014
065117
065017
065099
065110
065053
065022
065044
065102
065006
065100
065158
065046
065089
065011
065138
065104
065120
065105
065082
065073
065072
065068
065066
065116
065041
065157
065056
065037
065151
065118
065083
065043
065001
065121
065047
065079
065155
065078
065130
065088
065007
065090
065013
065036
065055
065137
065108
065067
065052
065063
065122
065034
065132
065020
065135
065142
065131
065033
065016
