066003
066010
066061
066035
066028
066094
066068
066007
066084
066106
066057
066092
066093
066107
066050
066078
066005
066039
066070
066046
066034
066011
066036
066083
066102
066051
066103
066017
066064
066020
066018
066071
066023
066029
066048
066004
066012
066063
066069
066006
066032
066085
066002
066099
066080
066098
066033
066015
066066
066067
066037
066038
066096
066076
066062
066075
066031
066027
066047
066054
066025
066077
066053
066065
066041
066089
066079
066055
066108
066045
066097
066086
066001
066049
066100
066040
066052
066058
066043
066022
066019
066074
066101
066024
066088
066030
066060
066044
066009
066073
066104
066014
066091
066026
066095
066008
066013
066072
066056
066021
066016
066082
066042
066081
066087
066059
066105
066090
