069088
069019
069080
069020
069093
069021
069039
069012
069078
069034
069077
069007
069097
069060
069052
069066
069051
069076
069061
069070
069054
069102
069023
069104
069029
069049
069079
069011
069053
069103
069026
069036
069044
069048
069009
069063
069047
069025
069038
069041
069005
069095
069028
069006
069092
069089
069045
069014
069075
069083
069002
069040
069055
069024
069099
069017
069031
069087
069001
069062
069065
069064
069068
069059
069015
069085
069043
069069
069071
069046
069091
069018
069056
069100
069084
069033
069057
069032
069082
069030
069073
069067
069013
069074
069004
069037
069098
069003
069027
069008
069096
069010
069016
069086
069058
069101
069042
069050
069090
069022
069072
069035
069094
069081
