070075
070028
070007
070017
070057
070071
070018
070003
070070
070067
070082
070084
070030
070038
070020
070026
070025
070002
070006
070023
070005
070008
070053
070076
070080
070035
070012
070066
070016
070049
070040
070059
070037
070079
070009
070074
070039
070032
070022
070021
070041
070024
070058
070054
070014
070048
070052
070068
070004
070072
070062
070056
070073
070011
070033
070063
070081
070044
070047
070013
070061
070019
070034
070031
070083
070027
070015
070069
070060
070050
070001
070043
070029
070064
070045
070010
070077
070055
070046
070042
070036
070078
070065
070051
