075019
075060
075050
075066
075090
075028
075002
075062
075024
075086
075088
075001
075077
075084
075064
075004
075063
075046
075085
075044
075005
075049
075016
075027
075081
075054
075082
075078
075042
075096
075031
075056
075072
075095
075003
075061
075009
075059
075021
075073
075067
075026
075070
075089
075053
075032
075047
075057
075091
075051
075039
075045
075030
075033
075074
075006
075023
075058
075008
075012
075025
075029
075075
075018
075015
075076
075040
075052
075094
075010
075080
075041
075022
075036
075069
075013
075043
075017
075093
075020
075038
075097
075068
075071
075037
075048
075007
075014
075092
075035
075055
075065
075011
075087
075034
075079
075083
