076070
076088
076028
076097
076031
076044
076078
076020
076022
076027
076042
076023
076092
076034
076075
076040
076068
076054
076030
076055
076019
076039
076085
076087
076025
076016
076026
076074
076050
076069
076081
076086
076080
076077
076005
076035
076049
076037
076052
076091
076038
076046
076098
076029
076100
076045
076015
076041
076061
076013
076082
076001
076004
076083
076024
076079
076089
076017
076084
076003
076062
076093
076063
076014
076096
076059
076008
076073
076094
076090
076071
076010
076053
076012
076018
076060
076007
076056
076002
076006
076036
076033
076021
076076
076058
076032
076065
076057
076072
076067
076009
076099
076047
076066
076011
076095
076064
076048
076043
076051
