078010
078042
078090
078016
078140
078004
078126
078008
078096
078059
078043
078139
078078
078093
078027
078014
078072
078013
078062
078050
078105
078012
078094
078134
078119
078075
078067
078079
078035
078053
078055
078097
078026
078049
078045
078098
078037
078052
078110
078031
078077
078122
078143
078034
078102
078076
078155
078065
078091
078116
078127
078023
078135
078081
078018
078030
078068
078106
078058
078137
078003
078070
078112
078066
078074
078109
078039
078147
078099
078061
078124
078017
078148
078025
078080
078022
078002
078046
078040
078089
078051
078123
078038
078021
078133
078114
078113
078145
078019
078131
078073
078152
078118
078129
078047
078117
078104
078015
078085
078128
078146
078142
078009
078020
078121
078048
078115
078060
078071
078033
078001
078069
078054
078136
078029
078153
078132
078088
078138
078154
078036
078056
078111
078084
078057
078041
078083
078130
078125
078092
078101
078100
078150
078120
078006
078005
078064
078007
078149
078063
078011
078087
078032
078107
078082
078024
078103
078086
078156
078157
