079061
079117
079008
079116
079063
079018
079118
079148
079042
079123
079055
079029
079007
079094
079137
079081
079122
079088
079025
079080
079024
079089
079056
079151
079034
079065
079142
079143
079059
079003
079039
079011
079114
079023
079108
079160
079069
079133
079017
079131
079127
079072
079048
079096
079036
079004
079012
079009
079147
079130
079077
079058
079139
079005
079126
079157
079092
079129
079060
079115
079002
079052
079068
079027
079047
079134
079099
079030
079146
079043
079087
079071
079074
079033
079138
079020
079095
079110
079073
079083
