080073
080056
080050
080029
080013
080068
080053
080014
080011
080054
080015
080090
080001
080033
080066
080009
080063
080079
080021
080006
080024
080070
080074
080022
080012
080008
080030
080083
080085
080089
080080
080041
080005
080077
080031
080082
080084
080023
080062
080016
080078
080034
080096
080060
080018
080026
080004
080043
080055
080095
080081
080036
080088
080007
080076
080048
080040
080051
080002
080028
080045
080086
080044
080020
080067
080094
080093
080039
080025
080047
080071
080091
080057
080061
080064
080027
080072
080017
080092
080003
080049
080037
080035
080059
080058
080052
080046
080069
080032
080097
080042
080075
080010
080087
080019
080065
080038
