082052
082056
082029
082010
082002
082012
082024
082039
082025
082058
082036
082082
082033
082069
082034
082055
082076
082060
082045
082018
082078
082062
082001
082061
082049
082014
082016
082051
082037
082015
082030
082047
082040
082003
082081
082028
082042
082032
082068
082080
082077
082046
082026
082019
082022
082065
082008
082066
082070
082011
082027
082041
082023
082064
082063
082073
082017
082059
082048
082044
082057
082004
082054
082005
082009
082067
082007
082013
082053
082074
082038
082079
082021
082071
082006
082035
082050
082072
082031
082020
082043
082075
