083032
083017
083013
083097
083029
083052
083034
083015
083038
083008
083055
083058
083074
083053
083044
083042
083025
083011
083031
083024
083004
083067
083040
083083
083085
083050
083089
083078
083071
083093
083057
083012
083099
083001
083070
083022
083027
083072
083091
083023
083062
083100
083069
083101
083059
083061
083102
083003
083065
083021
083075
083016
083045
083086
083036
083002
083030
083084
083079
083107
083026
083082
083094
083014
083081
083048
083095
083088
083039
083108
083046
083010
083051
083054
083006
083080
083019
083066
083063
083060
083028
083106
083056
083020
083009
083005
083007
083035
083076
083033
083068
083047
083077
083064
083018
083049
083073
083092
083096
083104
083098
083103
083105
083041
083037
083087
083043
083090
