090092
090031
090066
090059
090016
090028
090012
090008
090053
090013
090078
090020
090027
090018
090038
090061
090040
090030
090045
090073
090071
090024
090044
090004
090042
090032
090015
090055
090011
090003
090060
090017
090010
090033
090068
090052
090007
090029
090026
090005
090076
090051
090057
090077
090048
090090
090002
090025
090022
090049
090064
090091
090072
090043
090050
090009
090047
090041
090075
090088
090067
090039
090056
090084
090034
090070
090069
090019
090086
090058
090021
090080
090089
090087
090014
090023
090079
090082
090001
090081
090085
090074
090083
090037
090036
090006
090062
090054
090063
090046
090065
090035
