091002
091035
091037
091069
091098
091039
091089
091072
091026
091103
091005
091100
091025
091032
091095
091001
091019
091047
091101
091031
091042
091007
091003
091086
091016
091006
091088
091093
091097
091066
091091
091004
091024
091071
091062
091090
091099
091056
091028
091057
091104
091046
091070
091011
091077
091018
091017
091050
091044
091008
091061
091010
091083
091051
091012
091084
091055
091064
091038
091063
091060
091027
091059
091033
091067
091043
091040
091009
091085
091068
091058
091041
091094
091073
