095046
095029
095024
095022
095012
095069
095065
095026
095058
095042
095010
095061
095030
095023
095060
095077
095025
095004
095006
095003
095070
095073
095008
095036
095082
095047
095040
095039
095054
095072
095048
095028
095009
095038
095018
095044
095057
095045
095059
095062
095076
095005
095075
095037
095020
095035
095056
095011
095074
095043
095066
095017
095071
095050
095041
095013
095068
095031
095027
095021
095053
095032
095015
095007
095019
095064
095034
095063
095014
095016
095078
095049
095001
095052
095033
095002
095067
095051
095055
095080
095083
095086
095084
095079
095088
095087
095085
