096016
096080
096054
096058
096025
096081
096018
096030
096079
096082
096037
096076
096031
096069
096027
096006
096059
096057
096035
096015
096003
096032
096047
096026
096024
096012
096020
096039
096085
096040
096028
096010
096077
096004
096071
096017
096007
096038
096041
096063
096046
096051
096053
096043
096067
096068
096042
096005
096072
096074
096083
096014
096002
096056
096023
096065
096034
096078
096066
096064
096033
096073
096049
096008
096009
096075
096070
096062
096084
096086
096055
096050
096021
096048
096013
096001
096019
096044
