097025
097044
097016
097061
097062
097071
097048
097049
097053
097020
097039
097054
097058
097012
097090
097076
097017
097006
097010
097056
097028
097005
097074
097011
097002
097024
097019
097026
097037
097031
097075
097082
097059
097052
097036
097051
097072
097057
097033
097013
097009
097003
097014
097021
097038
097086
097034
097042
097078
097022
097068
097083
097045
097055
097046
097001
097050
097018
097060
097004
097029
097065
097007
097035
097043
097084
097070
097040
097079
097027
097067
097064
097015
097069
097008
097085
097047
097030
097063
097077
097023
097032
097091
097092
097093
