103040
103022
103004
103010
103048
103013
103064
103050
103059
103034
103058
103069
103032
103035
103019
103038
103039
103008
103072
103007
103021
103033
103051
103002
103014
103003
103044
103043
103054
103074
103061
103009
103015
103023
103045
103018
103055
103049
103037
103057
103070
103016
103005
103001
103077
103053
103017
103066
103078
103052
103011
103030
103075
103068
103041
103027
103036
103047
103020
103028
103062
103012
103060
103042
103029
103024
103076
103025
103046
103067
103071
103026
103065
103056
103006
103031
