111015
111089
111070
111071
111040
111056
111028
111068
111063
111090
111102
111008
111049
111105
111054
111009
111044
111057
111010
111035
111098
111030
111107
111043
111016
111066
111013
111065
111076
111087
111106
111041
111095
111014
111006
111021
111096
111093
111007
111047
111077
111104
111031
111103
111017
111060
111064
111078
111069
111004
111001
111059
111067
111051
111055
111075
111061
111062
111033
111022
111085
111003
111002
111086
111074
111032
111034
111052
111029
111088
111073
111072
111097
111018
111050
111026
111100
111038
111039
111101
111019
111048
111012
111053
111037
111025
111083
111005
111079
111094
111092
111091
111020
111081
111080
111024
111027
111036
111058
111023
111045
111099
111046
111082
111011
111042
111084
