084020
089014
089020
088005
088006
088008
089013
088011
088009
089016
088010
081014
088012
089002
089017
088003
088001
088002
088004
089015
089004
088007
085007
089005
087011
087056
089007
089009
089018
087020
089012
085003
089019
084021
089021
089008
089003
087054
089006
085013
085009
084031
084027
087018
089001
084001
087027
084008
084026
089010
084010
087025
085015
089011
087043
084028
085019
087040
086014
087028
087049
084032
087032
085004
084017
084013
084042
086015
086004
084011
085006
084019
087015
084003
086002
084018
084029
087037
084024
084016
084014
087007
084030
084037
085011
085010
085018
086009
087030
085002
084039
084033
085005
085016
084015
087029
085012
084041
084004
084012
085020
086019
084002
084035
087033
087013
086003
087036
084006
084007
085017
087012
084022
087051
087042
087045
087041
086001
087002
087044
086007
084040
086006
087019
085001
084043
087024
018170
084009
084023
081004
087003
087004
081006
086020
086016
082052
087001
084005
087005
087034
085008
082056
087050
087053
087008
087047
087058
087031
086011
086005
085022
082029
084034
082010
082002
082012
082024
085014
081012
082039
084036
087055
082025
086013
084025
082058
085021
082036
084038
087039
087048
087017
086012
086010
082082
082033
087038
082069
087006
087009
082034
081015
081017
081024
087026
086018
082055
087023
081011
082076
087046
082060
082045
081018
082018
087022
081019
082078
087014
086008
082062
082001
081016
082061
087016
087035
082049
082014
081010
082016
086017
087010
082051
090092
083032
083017
082037
081003
082015
082030
087021
082047
083013
083097
083029
082040
082003
083052
082081
083034
082028
083015
083038
081023
083008
082042
083055
082032
083058
082068
082080
083074
083053
081021
087057
082077
083044
083042
083025
082046
082026
081001
082019
083011
083031
083024
082022
082065
080073
083004
083067
082008
080056
080050
083040
080029
080013
083083
083085
083050
083089
082066
083078
083071
083093
080068
082070
083057
083012
080053
081002
082011
083099
082027
081009
082041
083001
083070
083022
081008
082023
082064
083027
081013
083072
083091
082063
082073
080014
080011
083023
083062
083100
082017
083069
081005
082059
082048
080054
082044
083101
083059
083061
083102
080015
083003
083065
083021
080090
082057
083075
083016
083045
080001
082004
082054
080033
082005
082009
083086
082067
083036
083002
080066
080009
081022
083030
082007
081007
083084
083079
083107
080063
083026
082013
083082
080079
083094
080021
083014
080006
083081
082053
083048
082074
083095
083088
083039
083108
083046
082038
083010
083051
082079
083054
083006
082021
081020
082071
083080
082006
082035
083019
083066
083063
083060
082050
080024
082072
080070
083028
080074
083106
083056
083020
083009
080022
080012
083005
083007
083035
083076
083033
083068
080008
080030
080083
082031
080085
083047
080089
080080
083077
080041
083064
080005
083018
083049
082020
083073
082043
083092
083096
083104
080077
083098
083103
080031
080082
080084
080023
080062
080016
080078
080034
080096
080060
080018
080026
080004
083105
080043
080055
080095
080081
080036
080088
080007
080076
080048
080040
080051
080002
080028
080045
080086
080044
080020
080067
080094
080093
080039
080025
080047
080071
080091
080057
080061
080064
080027
080072
080017
080092
080003
080049
080037
102024
080035
102010
080059
080058
080052
080046
080069
080032
079061
080097
080042
080075
080010
102022
102001
080087
080019
102002
083041
102037
102008
102032
102021
079117
102004
102007
083037
083087
079008
102041
083043
102016
079116
079063
102031
102012
102042
102018
102038
102015
102028
102040
079018
079118
102030
102017
102033
102050
102046
102043
102009
102034
102047
079148
102045
102006
079042
102036
079123
102048
102013
079055
102035
102003
102049
102026
102044
079029
079007
079094
079137
102005
102020
079081
079122
079088
102027
102023
082075
079025
079080
079024
079089
102029
079056
079151
079034
102014
079065
079142
079143
102011
079059
079003
079039
079011
079114
079023
079108
079160
079069
079133
079017
079131
111015
079127
111089
079072
079048
079096
079036
079004
079012
079009
079147
079130
079077
101013
101012
092050
079058
079139
079005
079126
079157
079092
079129
079060
079115
101015
079002
079052
079068
079027
079047
111070
079134
079099
079030
079146
079043
079087
079071
079074
079033
092066
111071
111040
101010
079138
079020
111056
079095
111028
101018
111068
078010
078042
079110
078090
078016
111063
078140
078004
092099
079073
111090
079083
101020
101024
078126
111102
078008
078096
078059
078043
092003
111008
092011
101022
078139
111049
111105
078078
078093
101017
078027
111054
092080
111009
111044
078014
078072
078013
078062
101009
092037
111057
111010
101019
078050
101002
078105
092090
092009
078012
078094
078134
101005
101001
078119
078075
078067
078079
078035
092051
101025
101004
078053
078055
111035
078097
111098
092015
078026
078049
078045
092105
092109
101006
111030
078098
078037
078052
092108
092074
092068
101014
101027
111107
092075
101016
101021
078110
078031
078077
101023
078122
078143
078034
111043
078102
111016
101003
111066
078076
078155
111013
101008
078065
111065
078091
078116
101007
078127
111076
111087
111106
101026
078023
111041
078135
078081
078018
111095
111014
078030
111006
078068
111021
078106
111096
101011
078058
111093
078137
111007
078003
111047
111077
078070
111104
078112
111031
111103
078066
111017
111060
078074
078109
078039
111064
078147
078099
111078
111069
078061
111004
078124
078017
078148
078025
111001
111059
078080
111067
111051
078022
078002
078046
111055
111075
111061
078040
078089
111062
111033
078051
111022
111085
111003
111002
111086
111074
078123
078038
078021
078133
091002
111032
111034
111052
078114
078113
078145
111029
078019
078131
078073
078152
078118
111088
078129
111073
078047
078117
111072
111097
091035
111018
091037
111050
091069
111026
111100
111038
091098
111039
091039
078104
111101
091089
111019
091072
111048
078015
078085
078128
078146
095046
095029
111012
111053
111037
078142
111025
078009
078020
111083
078121
111005
095024
078048
111079
111094
111092
111091
095022
111020
078115
095012
095069
078060
111081
095065
095026
078071
078033
095058
095042
078001
078069
078054
078136
078029
111080
095010
111024
111027
091026
095061
095030
095023
111036
091103
095060
078153
095077
078132
095025
111058
111023
111045
095004
111099
095006
078088
078138
078154
095003
095070
078036
095073
095008
095036
111046
078056
095082
091005
095047
095040
075019
078111
078084
078057
078041
078083
091100
095039
075060
078130
111082
095054
091025
078125
095072
095048
075050
095028
078092
075066
075090
095009
075028
075002
078101
091032
091095
078100
078150
075062
095038
095018
095044
091001
095057
091019
075024
075086
095045
078120
076070
078006
076088
076028
075088
078005
078064
091047
078007
075001
075077
076097
078149
095059
095062
076031
075084
075064
095076
095005
075004
091101
078063
078011
075063
076044
095075
095037
076078
095020
091031
091042
095035
078087
078032
075046
091007
095056
095011
091003
075085
095074
075044
095043
075005
091086
075049
095066
095017
091016
091006
091088
095071
091093
076020
075016
075027
091097
091066
076022
076027
095050
075081
075054
075082
075078
076042
076023
076092
078107
075042
075096
075031
095041
095013
076034
076075
075056
095068
065039
075072
078082
095031
095027
065021
075095
075003
075061
095021
095053
076040
075009
076068
076054
076030
091091
091004
065134
075059
095032
075021
095015
075073
065119
076055
075067
065107
078024
095007
065127
075026
095019
091024
075070
091071
075089
078103
065156
065059
077025
075053
065038
075032
075047
065148
065150
075057
075091
095064
078086
065149
091062
091090
095034
075051
065096
075039
095063
075045
076019
075030
091099
065027
075033
095014
075074
075006
095016
065124
076039
095078
075023
076085
095049
075058
095001
077018
076087
065070
091056
091028
065077
091057
076025
075008
065062
077030
095052
076016
076026
095033
075012
095002
065009
075025
077023
075029
075075
091104
065040
065054
076074
076050
075018
091046
065109
065029
065004
077006
065028
075015
075076
076069
075040
065032
075052
065098
075094
091070
091011
077021
076081
095067
065026
065049
095051
091077
065123
065080
091018
076086
091017
065154
076080
095055
091050
065076
065133
065071
077029
075010
075080
075041
091044
095080
065144
065141
091008
077031
091061
075022
075036
075069
065024
065084
065115
091010
075013
065139
091083
075043
065057
065069
065091
095083
076077
076005
091051
095086
091012
065153
076035
065064
091084
076049
065092
077002
075017
065031
075093
076037
065085
065061
065023
095084
095079
076052
095088
095087
075020
076091
091055
065018
075038
075097
077016
075068
065095
075071
065075
065136
065112
073014
075037
090031
073012
091064
065145
065060
065147
077027
075048
065103
075007
073028
077020
065087
075014
076038
075092
065002
075035
065065
065074
090066
073011
090059
065042
076046
076098
073001
073027
077010
091038
091063
065081
073022
090016
076029
076100
075055
077007
073026
075065
075011
090028
090012
091060
065146
090008
065114
065113
065051
065152
073010
065058
090053
065025
091027
076045
065106
073005
095085
074006
074015
065111
065015
077003
075087
091059
091033
065126
091067
091043
065048
075034
090013
090078
076015
076041
090020
090027
065129
090018
077026
077008
065035
065008
073006
077017
065128
091040
076061
077005
065125
065010
065086
090038
073023
073025
074008
073007
077022
076013
073024
090061
090040
077001
073018
075079
074004
091009
073002
075083
073008
074011
074019
090030
074018
090045
074010
091085
074001
090073
074016
065030
090071
090024
076082
076001
065097
065003
090044
090004
073016
090042
090032
065012
073003
065094
073021
065050
076004
090015
090055
065005
077024
076083
073015
065045
077019
077009
076024
065140
076079
091068
076089
090011
090003
065101
090060
090017
090010
065093
065019
065143
090033
073017
073029
091058
091041
076017
077015
077004
074009
063004
063014
090068
090052
074020
076084
076003
076062
076093
090007
065014
073013
073004
077012
076063
076014
074014
077011
065117
076096
065017
063080
065099
077014
090029
073020
073009
073019
074003
063071
065110
065053
091094
091073
090026
065022
063053
090005
065044
090076
065102
063086
065006
065100
077028
076059
065158
063003
074017
090051
063044
065046
065089
090057
076008
090077
076073
065011
065138
065104
065120
065105
065082
065073
063046
065072
065068
074012
063054
076094
065066
076090
065116
090048
090090
065041
090002
090025
065157
063035
090022
065056
077013
090049
090064
065037
065151
076071
090091
065118
063024
076010
063039
065083
065043
090072
074002
076053
076012
090043
063078
065001
076018
076060
090050
063022
063007
072023
065121
065047
063090
063074
065079
065155
064098
065078
065130
065088
065007
065090
072021
065013
065036
063031
063019
063083
064014
072041
065055
063058
065137
063037
090009
076007
090047
090041
074005
090075
063038
065108
065067
076056
072004
065052
065063
090088
072001
076002
072003
063091
072031
063009
063008
065122
063084
065034
076006
063061
090067
064009
072025
064057
065132
065020
065135
076036
063049
063055
076033
064017
090039
090056
064099
076021
076076
065142
063082
074007
064101
076058
059033
090084
076032
090034
063064
064121
063081
072017
065131
065033
090070
063047
063006
090069
072036
063051
065016
063059
064077
063068
072030
063067
090019
063052
063060
064044
063092
063056
076065
063072
063079
072016
063066
090086
064030
063070
064034
090058
072047
064108
064043
063026
076057
090021
076072
063050
064029
064001
064066
090080
072039
063063
090089
064089
090087
090014
064084
064064
076067
064088
063076
064119
063089
064095
090023
063034
064054
064015
064013
072019
064058
064021
063017
064008
063077
063015
064031
064026
063040
064106
064063
063057
063023
064047
064068
064092
064102
063041
076009
076099
063048
063005
063021
064006
063025
064024
063087
064081
064028
063069
063088
063043
063010
063042
072015
063012
090079
063045
064023
063062
076047
064003
063020
064065
090082
072034
064109
072024
064086
063075
090001
076066
063001
063002
072035
063036
063032
064049
063016
064069
110008
064010
063073
063018
076011
064007
064103
064046
059018
064067
064016
063028
064105
072040
063029
072044
064039
064018
064055
063011
064042
076095
090081
063085
064100
061087
063030
064076
061005
061027
064070
064079
064040
063033
061046
090085
063013
063027
072037
061029
076064
064082
061053
090074
064075
064004
076048
063065
064053
061054
064117
061094
061090
064091
061043
072002
064073
062047
064011
072038
072011
061099
061074
061103
064074
064035
064045
090083
061075
064104
064083
061016
064036
064033
061077
064059
064002
061020
061037
061092
090037
064107
064090
061098
072008
061048
061049
072032
072033
064093
064025
061019
064114
064080
072028
072048
072014
072018
064113
064019
061004
072012
062048
090036
064078
062006
064071
062032
062005
090006
076043
072010
062022
064027
064050
064060
064041
061082
110001
064110
090062
064111
072006
076051
110006
064056
064072
061083
061012
064038
061104
062067
061085
064022
064112
061028
061013
061047
061062
061078
061022
064116
062065
062066
062001
061084
062040
061042
061067
064032
062043
062028
062070
062071
061097
062009
062058
062012
062004
072046
061021
061018
061032
072027
064085
064087
072043
062010
064115
064097
064012
061081
062060
062003
061052
064005
071042
061015
062075
071009
071005
062014
062008
064048
071003
071052
064118
064120
061101
061036
071032
062038
062018
061026
061060
061100
062077
061007
062027
072022
062021
062045
062035
071020
110004
061061
061023
061089
061024
061056
072020
110003
062030
072029
061088
062039
090054
061009
062073
071001
061055
090063
061011
062076
061017
064052
061102
062078
062011
062002
062074
061073
061040
062052
071022
110009
071037
064096
062049
061035
061010
062053
062037
062050
061091
071007
062062
061045
062019
061003
062055
062068
062034
062046
062059
061072
059009
064051
059010
062063
062015
071035
064037
059014
061071
061058
062061
059025
062029
061068
061033
062033
061041
062054
064020
059008
071055
071036
062064
062013
062016
062036
110002
059030
110007
062023
062056
071015
061002
059026
059024
059032
071023
061070
061008
061095
061050
059007
071054
062026
061006
061059
062042
059031
060030
061031
062024
062044
061039
062041
059004
062031
110010
061080
071019
061069
071063
071058
061086
062051
071044
062025
060031
060066
071024
060083
071010
061093
061065
060012
061057
061066
059015
071006
071016
070075
062007
059003
061001
060021
061051
059017
059029
061025
061064
062057
060067
060065
061076
070028
062072
060063
071029
059012
061063
094050
071002
062069
060082
060005
070007
070017
071028
061096
060056
062017
060054
059011
060019
060051
062020
071064
060070
094052
070057
061030
070071
070018
059019
061079
070003
070070
061044
060007
060052
094040
070067
059023
061034
061038
058072
071061
060089
059028
070082
060023
060047
070084
070030
060064
071062
059020
070038
071048
070020
060022
070026
094018
094024
094030
060026
060027
060060
060091
094038
060032
059021
060090
060068
060084
071047
059013
094005
060025
094011
094045
070025
071018
060029
060077
071046
071034
094026
060008
071039
070002
070006
070023
058007
070005
070008
060041
060024
070053
070076
094028
059001
060001
094019
058117
094044
060055
094047
094034
094010
058020
094017
094025
070080
071051
094023
070035
060059
070012
094008
060058
060075
070066
060069
060076
060048
070016
070049
071013
071014
060013
060011
060017
070040
094022
071017
060009
070059
094031
071056
070037
060061
060044
060088
060050
060036
060038
060079
070079
094048
071041
058111
060014
070009
058045
094021
071011
060010
070074
094042
094014
094049
070039
060018
094027
094016
070032
059006
058062
070022
058050
060040
060045
070021
060033
070041
070024
094020
060004
094012
070058
060085
058079
094032
070054
070014
060020
070048
094015
094036
060003
058011
094041
094007
070052
060037
060073
058009
070068
060086
058102
094003
060006
071033
094029
058043
060062
060072
058041
060043
058003
094001
058091
070004
060074
060015
059022
070072
060057
071031
070062
066003
094039
058115
070056
070073
094035
070011
071004
058070
060016
066010
070033
094051
060046
060039
058086
070063
070081
070044
066061
066035
071050
058022
094002
070047
066028
070013
066094
070061
058034
094037
058088
060081
066068
070019
071053
058046
058110
060087
060028
058074
070034
058057
094013
060035
060042
058042
069088
066007
060049
060002
060078
071060
058060
058118
071008
060053
094043
070031
070083
070027
066084
094006
058049
066106
058064
058026
066057
066092
071027
058119
071040
070015
058039
071012
066093
070069
069019
070060
066107
058120
071059
060071
058035
058073
071049
094004
069080
058085
060080
066050
066078
060034
094009
070050
066005
070001
058008
069020
069093
066039
058114
094033
071021
070043
069021
058090
058019
058025
058100
094046
070029
058040
066070
058048
070064
066046
058078
058012
071025
069039
069012
066034
069078
066011
066036
058001
069034
070045
070010
058103
069077
070077
069007
069097
069060
058077
066083
069052
058095
058021
066102
069066
069051
069076
069061
069070
070055
058089
070046
058044
066051
070042
071043
066103
066017
058108
070036
069054
058030
058017
069102
066064
058027
069023
071038
069104
058104
058116
066020
066018
069029
058084
066071
066023
066029
070078
058002
058023
069049
069079
069011
070065
066048
058028
069053
058014
066004
066012
069103
069026
066063
058047
069036
069044
058094
069048
058101
069009
058029
066069
069063
058006
058055
058112
069047
069025
066006
066032
066085
070051
058122
069038
069041
069005
069095
058056
058096
058098
066002
066099
066080
058092
058010
069028
069006
066098
058005
069092
066033
066015
069089
069045
066066
058053
058059
066067
066037
066038
058097
066096
069014
069075
069083
066076
058075
058087
058031
058083
066062
069002
066075
069040
058051
066031
066027
066047
058065
058076
069055
058081
058109
058093
069024
066054
058013
058105
066025
069099
058032
069017
069031
066077
058024
066053
069087
066065
058004
058054
058038
058113
058061
068037
058015
057064
069001
069062
058018
058063
068007
069065
066041
058067
069064
057047
066089
057071
069068
068036
071026
057058
069059
069015
069085
066079
066055
066108
058107
066045
058052
066097
058066
057018
058068
057020
058016
069043
066086
068033
056007
056041
058071
068034
057049
057007
069069
056039
058036
069071
069046
056050
056056
068042
069091
057046
066001
057044
057027
058082
058058
057054
057048
057004
056038
066049
058033
057019
057013
056049
068003
056010
066100
057055
056005
069018
057068
068020
068001
066040
066052
068005
057036
057073
058069
069056
069100
066058
069084
069033
066043
069057
068038
068040
069032
057030
068009
057014
066022
058099
057041
057062
069082
057056
057011
069030
056014
069073
058106
069067
068039
056037
056025
057038
057069
058080
057063
057050
058037
069013
056004
069074
068043
057053
066019
068029
069004
056017
057034
069037
068044
068022
069098
069003
068032
068016
066074
056045
068002
066101
069027
057042
056021
057029
069008
069096
056046
069010
066024
066088
057028
069016
069086
056057
057052
056024
066030
057023
057043
057066
069058
057010
056015
057021
066060
068004
056016
066044
066009
056059
066073
066104
057061
069101
066014
057065
068013
068017
069042
057067
057059
057005
069050
069090
069022
068026
068035
068045
068008
068010
057070
057012
066091
066026
069072
066095
057016
056035
053012
056054
056023
057035
056027
056058
068014
057040
068030
056011
068046
056052
057003
068021
057039
057025
068011
057008
057072
057026
069035
069094
056055
069081
056042
055024
068023
055008
056048
053003
068019
053016
068027
057024
068041
068028
053018
055022
068025
056012
056051
066008
066013
055031
067026
067003
053014
067012
057037
057015
057006
056006
057031
068031
068015
068006
068024
067034
057009
057033
057060
056002
057057
057022
057051
067024
056043
068012
066072
056034
056013
066056
056009
055014
056060
055006
056020
066021
068018
056031
067007
055026
055004
057045
055032
057032
067013
067014
066016
067023
067045
067010
055005
056029
067018
067004
055016
056053
067040
067027
067015
067033
067016
055027
067005
056036
067028
056026
053019
067035
056003
056022
056019
055003
057017
057002
053013
056028
056047
055019
056008
055017
055029
055012
067022
054051
067041
055015
067032
067011
067009
055033
055018
067029
056032
054031
055023
056018
054007
053026
056040
067037
056033
067043
067036
056030
054035
057001
054047
055028
053023
055001
054045
054042
067046
055009
054052
055007
053028
044006
067006
067030
056001
053020
049004
067008
055010
067025
054028
049003
053011
054058
053005
049013
044001
049014
054010
055002
053022
049010
056044
067044
067039
067017
055030
053006
052020
055013
067021
044064
044007
049011
053002
067031
067038
067042
054021
044020
067001
052027
054005
044044
044038
067020
067019
052001
054008
067047
044027
054054
053001
067002
054022
054030
054029
044014
044071
054020
055011
044013
053024
054012
054043
044011
054048
043057
055020
055025
044031
053004
044045
044015
054014
044073
054027
053010
043010
044005
044066
055021
044056
052008
044054
053007
053025
052024
052031
044012
053021
044002
052007
109015
043056
054004
054018
044065
044021
053008
054040
053009
054003
049012
043052
044034
043027
054017
044023
053015
044063
109002
043049
043005
044016
044032
043038
052037
054006
109014
054050
109020
109036
052011
052021
054036
044010
109039
054037
049020
044017
054039
109021
054053
109029
049002
043032
054001
054009
049018
052009
049005
044036
044029
109025
109027
043021
043035
043017
052030
043046
109019
109012
109031
109038
054002
043058
054059
043034
109022
109004
052015
054034
054026
054015
109028
109003
109016
109009
053017
043048
109005
052019
043011
043007
052010
052018
109032
109001
109030
043019
109008
109017
109006
043050
053027
043006
052003
049006
050021
049019
109010
052035
109026
043008
109013
043045
043022
109035
052036
054038
043053
043051
043004
109011
043014
054057
050027
050011
043025
052034
043039
109007
109023
109040
052002
051017
054055
052025
043055
109024
052017
043009
052033
109033
043036
043047
109018
043015
043031
043024
054023
042017
054056
043020
043016
054025
109034
051018
054024
052004
049001
050019
043023
043041
043033
043028
052032
051021
052026
054019
043013
049007
050006
043054
050015
054013
051022
051012
051025
050020
052006
052016
051002
043002
054049
043030
042013
043040
043043
050030
051005
043012
043044
050039
043003
043026
054033
054041
049017
054016
050010
042044
052012
051016
043029
042047
042019
054046
043042
052022
052005
042049
050016
042020
052023
052013
050012
050034
054032
042016
042034
051024
041008
042010
042022
052028
041018
042021
041061
042042
042024
042023
042043
042032
042029
051026
050023
048020
042012
042048
050025
042008
048027
042006
041007
049009
049008
042038
051001
054011
051039
051013
048003
050040
050036
050014
051011
041043
051034
042005
042041
042033
042002
041002
042001
048045
048021
048012
051006
051033
051037
050041
050005
042004
042007
042036
051020
042025
051038
042035
050024
042030
048052
042014
042031
054044
048010
051040
041025
050026
042011
041049
041054
051030
042018
041066
048030
048038
042045
041057
041006
041001
050028
050029
051007
051008
041016
050032
042015
050008
042027
048035
041015
050022
041014
051015
051014
051027
051003
041028
041058
051010
048014
051031
051004
050004
041067
051035
050035
041009
048022
041038
041070
048001
050009
048036
041041
048041
041005
050038
050001
041047
048028
048024
050033
048019
050031
050003
048011
050002
041034
041051
041021
041029
048017
048050
041022
048008
099021
041059
040050
041069
046007
041010
041013
099024
100002
048032
051023
048033
041017
041032
048044
041048
008063
048015
008011
041045
048006
041027
051041
041023
047006
046001
040001
008008
008039
047005
041036
041033
048037
099026
008062
047016
041030
008055
047022
100004
008053
050037
048025
047017
046017
099006
041065
008057
046033
046018
046026
008059
047009
041003
048043
041044
041031
041064
008058
008040
008050
008056
099015
008065
008029
041035
046021
008021
047020
041026
008044
008024
008014
047013
008060
047011
040043
099008
047003
099023
048005
040044
008054
099009
008038
047012
047021
048013
099022
008022
008031
048046
048004
099004
008001
008002
008007
099025
048039
008041
041060
048049
008030
047014
047002
046005
100003
008032
099020
099029
008051
099011
008006
099027
099016
008043
008015
099017
040020
040046
008027
008064
047008
047010
008052
041020
008047
046022
008026
047007
008017
008025
008028
008035
046024
046004
046034
009006
008068
008045
008033
100006
099003
099002
041019
008010
040033
008020
040009
048002
099005
008019
008067
046013
008061
046030
046028
045011
040014
100001
009059
046002
008049
099013
009033
040031
099014
009001
009060
008012
046036
008042
048026
008018
048053
008005
040004
099028
009068
009030
009019
046015
040007
011022
040037
008066
045010
099018
040036
009002
008037
008046
045003
008009
011027
011001
040049
040018
040032
009045
008048
009043
047018
046020
048018
048031
011020
046003
046008
040028
011016
009066
009007
008034
008023
011015
046031
004031
047024
040019
047023
040045
040041
009025
011011
009020
009069
037010
100007
008003
046009
037062
037033
011002
008004
004039
009024
009041
040016
037022
011024
046014
004155
040015
009012
009008
040022
009061
040011
004005
045008
099001
036031
036014
045007
046019
039004
009028
009021
011030
011023
011031
036011
009011
009034
046006
046025
040008
037015
040003
011019
004084
046027
046035
040012
011013
004110
004095
009049
011003
037014
040005
009013
011026
011004
011021
009062
039005
009009
045001
037051
011017
009029
004190
004068
046023
004114
046010
009031
037027
045013
036016
036043
011005
036035
004233
011008
009035
009016
011006
009042
009053
037031
045015
009067
009044
037040
040013
004186
009017
004239
011025
039014
037026
004090
004091
039007
011010
045009
046037
035045
004248
036026
045004
009010
009057
037041
011007
004028
004163
009064
011028
036024
004159
037059
009014
037012
010059
037044
045016
004177
011009
004249
004183
037034
010011
009052
010013
011032
037007
039015
004002
009036
004185
037013
009046
004008
036029
036018
039010
045012
009037
009056
009040
004111
004079
004192
045017
036030
004134
004127
004227
009047
037032
011018
011029
004123
004025
039006
004162
045005
010044
004167
010028
037036
004216
004015
010040
010007
010054
036047
004093
009038
010015
010018
036025
009018
009005
004126
009003
004165
039016
004153
037047
009004
004235
004054
004175
009054
004245
045006
004210
004125
045014
004066
010010
009050
010067
004191
004182
035041
010029
010046
009022
004242
045002
037057
009015
004204
004243
034022
010047
039018
004078
037025
035046
037020
004064
004022
004139
010053
004130
034001
036032
009026
004141
010060
010034
010043
009023
004016
004118
037042
004234
009058
009065
004199
039002
004006
004038
037046
004173
039009
010004
004108
039003
010002
036017
004053
004119
034012
010019
010017
004144
004151
004030
010042
004201
010063
009051
010016
004035
010005
035016
035011
036033
036042
036020
010064
039012
035003
004052
004200
010001
004184
004160
037045
010003
010031
004040
034040
009032
037016
004001
039013
004069
004188
004102
004229
004189
004082
004138
004124
009055
010041
004060
004207
010048
004049
036041
004120
037006
037054
004145
004098
034026
004061
004136
009027
010023
037011
010061
035042
004014
004071
037060
010021
004131
004211
036019
004034
009039
004043
039017
034006
034004
006165
004044
004112
006125
004089
037037
036046
004178
010056
036008
004050
010032
004018
010055
010039
004187
004247
034011
010062
037021
006022
010033
004174
004225
034039
034024
034003
004232
004019
004224
036040
039011
039001
036013
009048
037008
004206
035014
004086
004150
004097
035044
010038
035013
039008
004023
004027
004169
009063
010008
010058
004236
006136
036045
004081
004109
010035
035018
004221
004164
006093
010009
004122
004244
036036
005104
010012
010024
037001
036006
004197
004088
004237
010065
010057
010051
006095
010050
004107
004205
004092
036015
036007
004215
037030
010022
004083
006044
006090
038001
006036
004017
010052
006069
010045
004070
004226
004075
004219
004021
037019
004033
037009
004195
004166
004063
004076
004073
005094
034018
004129
035012
006190
034002
034044
004132
010006
004047
005081
035040
004161
006106
034008
010020
035043
004147
004152
005064
033020
006088
004250
006169
036023
010066
006034
006014
004026
004240
004202
004158
006038
037039
037005
006121
004007
004103
004032
004106
035001
004218
035038
006065
004220
004004
010026
005098
004121
033030
004104
037038
004094
034042
034019
004116
037050
004096
034035
034038
037002
004065
004067
006111
004013
004196
004057
004024
035030
006048
004180
006092
006055
004209
010049
037053
006110
006084
010027
005113
004203
004172
006063
006134
005068
006100
004055
004157
004105
004020
005037
005060
005011
034046
004137
004048
004117
004154
038006
004193
037017
006187
006139
035033
035036
006081
004080
004181
006001
006017
004231
034031
034013
004003
006035
037003
037056
037035
006176
004074
006112
004115
034017
004217
035004
005105
006162
006049
004100
006147
036027
033015
004194
037052
006025
006146
005021
004085
034027
033047
006148
006172
038019
006009
034023
035027
006085
006168
006033
004077
034005
004012
006119
006104
004029
004238
006067
005017
037055
033019
033028
004128
004212
004059
005095
004213
004036
034045
018021
004156
004142
033017
033016
004230
004149
005072
035037
006002
037024
006144
036003
006143
036002
004170
006160
006180
006029
004011
004198
004148
038004
005032
006005
006070
037048
038018
038008
034020
034009
006028
006140
005024
006161
018142
005041
004056
006018
005013
006167
036044
036001
006043
001026
004072
006114
006170
035017
034028
036005
004058
006052
006102
036034
004168
004223
038023
004246
004146
004208
004228
005015
005054
005027
037028
004009
004101
004046
004042
004222
005088
033004
005022
004179
006127
033005
035039
001306
035020
004143
006191
004010
006012
004135
004241
005061
005050
006066
038017
038011
005080
005100
005065
005063
004113
038012
006157
033044
001226
004051
006074
035002
001300
005001
001139
036039
006021
004171
034032
006079
035010
035022
005030
035008
034014
033025
001070
038024
001025
034025
036004
004176
004099
004140
006156
004037
005029
005058
033026
006155
006083
004062
006024
006045
018171
018089
006037
006047
006078
006054
004214
005120
005111
004087
006010
006032
006138
006183
035015
006031
005076
005066
006071
001275
006041
036012
029002
001140
005010
035028
001049
001035
005059
038005
001178
004045
005097
006062
035034
006015
004041
001059
035009
038028
005048
018042
029039
001136
018117
018007
038022
004133
006174
033043
005099
018128
036009
001203
038025
036021
038009
005040
001299
006124
036037
006107
005008
005003
006108
006019
006098
034037
035006
035029
005116
038010
033036
001111
006166
006186
038003
034016
033045
006058
001011
001142
005071
001202
006122
006075
005074
001173
005096
006091
001058
033002
001191
006030
005093
018184
006158
005090
005005
005033
035023
001197
005034
001205
001254
034015
006137
006101
036028
005112
005053
033012
001186
001310
001174
035024
001041
035021
001258
006003
001071
035035
033011
018073
006188
038007
036038
036022
005036
033040
001242
005028
035005
001260
006016
001065
005108
034021
006142
006181
006189
001200
018098
033034
005006
006068
001204
038014
005018
001123
035032
018132
005117
005007
006040
034041
006163
018064
018126
001307
001250
006046
033021
036010
001195
005052
020066
001308
001110
001074
001087
020043
005026
005118
001002
001168
034036
018122
033033
001201
001193
033038
005089
033022
020035
005067
034033
001122
020022
038020
006151
029009
006141
005023
001198
029033
018016
018017
018121
038002
001222
018028
006132
001097
005101
034007
029021
001257
029045
029025
001127
001156
005115
005062
001234
018155
001309
001048
001315
005091
020047
001053
035026
020027
018094
018125
001190
006105
034049
034010
001051
033035
005087
005077
018183
006076
033003
029022
006007
001263
005039
001145
020061
020058
018096
029046
005045
001184
005016
020056
006053
018074
029037
001280
001215
020042
005047
001078
033001
019021
006129
033037
033007
018143
006128
005025
005049
018182
005073
033006
033023
034030
033048
018051
006145
006013
029019
029042
006051
005106
029023
001227
029028
029005
005119
005044
001164
005038
018025
005055
020039
005103
005014
020065
018037
029011
001194
019057
006154
029034
019052
033018
006064
006089
034050
005075
029051
001171
005107
033024
029036
018033
029008
006177
006179
005056
018095
020055
001175
029017
020029
005012
001214
029043
018101
029003
018105
001103
005019
018111
018082
029007
005114
001183
029038
020060
033046
005020
029014
006026
029047
001115
019108
018131
033032
005046
001089
001276
005109
029049
006086
029024
001024
018057
018161
001272
018036
018100
020009
001038
005084
001241
029012
020054
006087
001163
005083
005057
018065
001153
006008
006096
020046
029026
001012
005035
005086
029001
029052
018140
018113
005031
033013
018084
018067
029041
005082
006004
001259
005121
029015
006118
029030
018134
033041
019103
020006
006072
029013
006182
005051
018149
033010
006094
020037
019089
019061
018174
006120
029010
018097
018124
018032
018029
005085
001009
020020
020025
018154
033039
018120
018024
018049
019023
019083
019074
001211
001302
006061
006115
001219
005069
006149
019090
029018
001192
029029
019092
018191
020031
019101
019096
033042
006082
018054
020062
029006
018020
001245
018090
018038
018116
001158
001144
001013
029050
006056
018153
018187
033027
029027
005070
006050
023095
001228
020038
029032
018115
018008
020050
006131
029004
001232
001018
001180
001045
006117
006023
018156
020064
033014
001100
001281
029040
018088
001149
001147
019031
019091
005002
001044
018005
018108
006150
019028
005042
029048
018047
018023
001120
001090
001285
020003
006057
018138
001080
018062
006135
001117
033008
001305
019099
001081
001256
001283
006113
005004
023020
018178
001112
001262
020059
006123
018091
018011
006020
018112
018190
005009
029031
006116
001068
006173
018066
019048
005092
098011
001062
098051
001255
006178
018146
006175
019071
019036
018002
018026
006171
006059
018114
020007
020071
019106
001189
001249
001085
020021
001008
018188
098013
018083
019008
019115
006097
023037
006153
019040
018031
018175
028097
001303
001006
028010
018099
018145
006159
018118
018152
098049
098029
019006
027006
098026
020030
001037
020052
098022
027008
029044
018133
001213
001060
005110
005079
028084
001093
001055
018092
006164
006133
019075
001032
001022
019056
006073
018041
018119
028012
020068
029035
001292
019009
028049
018058
018048
018151
001239
018147
018061
028062
001284
001243
001265
006184
018013
023019
098038
098054
018006
018139
001039
001069
001294
001129
018106
018167
018148
028029
001270
028004
098023
001040
019107
019042
001076
023085
020001
098042
019014
018022
001114
098053
001099
019038
018081
006077
018168
019113
001028
019100
018162
001229
028088
018158
098033
020008
098047
098035
028043
001154
001252
001064
006027
019046
028053
018172
001063
098019
018136
028070
006099
019030
019001
020016
018076
018179
020014
001253
018030
006060
001116
028002
023084
018169
020048
028027
018027
006109
001126
018137
028098
028008
020057
018093
019053
019070
027010
019076
019095
028052
028102
020051
020045
015191
001034
001130
028094
002090
018004
018063
020004
001291
023053
023072
098043
018001
006011
028083
028087
002049
002058
018164
018110
019069
001082
006185
020032
098030
001314
028067
002082
001220
019051
018059
018186
018069
001162
018189
001293
020024
001289
002148
018104
018045
018060
019068
019026
018071
018077
023068
098010
001313
020002
028095
001282
023010
018053
001104
098006
023008
028037
019050
028022
023029
019114
001248
098057
018181
020012
028055
001131
001157
001169
098050
098028
002030
002047
098004
028035
018159
028006
028021
002142
001236
018085
018079
020041
019077
019033
020026
019065
019064
019045
001086
018180
028034
028059
023003
020019
020013
028056
002128
017071
019013
023032
001135
001286
001166
019093
028107
018141
018144
018039
020033
018129
098058
019044
019088
098002
098014
019003
017073
023048
020053
023012
028079
023040
098052
023009
018157
001237
001240
018087
001301
098060
001273
018086
018015
018135
002067
018046
018018
028090
098044
019049
001225
019063
019085
018080
098034
018019
023075
018068
018040
018130
002071
019016
002147
017177
001046
028068
028033
020011
001113
017004
001161
023065
002093
023088
018072
002007
098059
002118
017149
002054
001106
098036
028009
028014
001218
018043
017160
001119
001146
019032
001047
001148
018185
017152
001217
018014
018163
001033
001109
018176
028007
028026
019025
098037
028065
098015
028047
098045
001279
018044
023041
098017
098048
028015
002042
024074
098005
024079
001128
001016
019080
018177
018160
023061
028061
098012
023066
019059
017108
018012
018173
018103
001019
019060
019022
001170
001152
023092
019098
018009
001003
023054
018165
020010
020015
002104
023002
002011
001188
015151
098021
028005
018107
001246
019007
018123
028028
017196
019034
001102
019027
098046
001221
018003
018109
001094
028040
002070
017080
028031
028011
017086
028106
098008
017137
020070
017159
023027
002150
023064
002052
018127
001155
020034
098032
001304
028048
020028
017172
001244
015115
001088
018050
017053
001101
023094
020018
017001
018034
098031
002079
001043
028066
098024
002126
001072
015022
023055
003023
017203
019082
019018
098001
015236
027002
001023
018078
015202
001172
001133
001216
019004
023051
023060
017013
024001
017195
028057
015055
001141
028105
023089
019081
019047
018052
024102
024022
001050
028089
019055
003164
017020
015150
019012
018150
015071
017103
028092
098056
024010
017034
017039
019110
017088
024075
015035
015042
015024
001311
015050
001083
017078
023016
019039
028044
028082
019029
002015
023007
002131
018075
028001
020017
027042
027003
023096
028003
028069
015125
015188
001107
001118
015173
003146
023056
098040
001176
017200
003158
019054
019043
015158
024052
001187
098025
015247
001251
023098
001150
019041
001075
001207
023097
015244
098055
015002
001159
001143
098003
019035
098041
001054
001031
001206
023071
098027
098009
015015
001269
024002
019087
019005
023004
001231
015140
020036
023021
018035
028071
001287
001096
002088
001296
027004
001066
027017
020063
001015
001001
019097
003077
003144
015195
002031
019111
019058
019086
015189
001134
015082
019104
015101
001052
019062
015112
024003
098018
098061
028085
027043
023091
001295
002004
001261
002133
028060
003104
002164
001267
024117
001223
017122
015103
017138
015165
002108
019102
002045
001095
003141
002033
017125
015159
001238
001056
019109
015246
002089
001098
015235
017113
080065
080038
102025
102019
090046
090065
110005
046011
010025
010036
010030
010014
001290
001021
028086
019067
019066
003041
015011
015222
003069
019037
017092
017151
001247
015139
024124
003106
001274
015192
019011
023069
023082
019079
023073
017011
003049
001007
028030
028073
096016
023017
015146
024123
096080
096054
001264
023081
015169
027012
019020
027023
023083
023028
027039
017066
017009
015036
017146
001014
024071
003149
003134
015005
028058
019019
001029
015220
001185
024065
020044
001017
002003
002163
001268
001208
001004
019017
001165
019105
019078
019094
001091
001084
001073
001179
001092
001298
015184
019015
023059
023022
017032
001199
023042
003037
098039
001125
001181
015061
001312
019084
096058
002032
019002
028100
017064
002059
028072
096025
024121
027014
003018
003135
023050
015078
015097
028096
001079
015093
024064
016101
019073
019010
016019
015210
024043
017093
017126
028054
015074
027028
015026
001138
024098
015130
015085
015167
001124
017037
015171
001108
001137
024060
017067
022165
016053
024006
017162
001196
096081
017099
017008
017026
019112
024015
096018
001177
024027
023039
023024
002065
001027
028103
098020
001020
017114
001182
003129
096030
001005
017147
017060
028016
001230
015185
001067
001233
016217
028099
023049
002009
002021
001212
024051
001105
028045
003131
016135
001224
015019
019024
024046
016013
016142
015012
017190
017179
017021
017043
015243
001121
016177
001132
096079
023015
017097
015204
003159
002006
015122
015087
015211
027024
015224
015205
096082
017072
023047
016122
015175
027035
017173
001042
016047
003068
002035
001297
001151
023043
015134
027044
024120
027038
028018
015200
001277
017042
023058
016010
016044
024061
017091
001160
023063
016097
001061
096037
016087
096076
096031
024047
023076
028017
024068
015237
096069
017107
017014
015010
001036
016059
003039
017167
017052
024004
001077
015142
017029
017161
023057
017041
017045
096027
016105
003090
003083
007055
017186
015096
017015
024116
016183
027019
015070
024021
015144
024108
001030
015164
017129
024008
096006
096059
096057
016219
015179
017192
028063
028036
015059
003042
003027
001278
003030
003032
015229
096035
016020
023087
015182
096015
017033
015113
002122
003138
015183
017188
096003
015242
023070
024029
015178
027021
015060
023077
023006
023052
023023
007070
028075
007021
002062
015058
015170
017166
015108
017120
096032
024103
015081
015226
096047
096026
096024
028013
096012
017109
017165
017180
017119
097025
015176
096020
024036
023046
015040
015062
001010
001288
016140
017155
023062
015168
015154
001209
016154
015209
015038
015009
015016
015114
027032
015007
015041
001271
027026
015027
017056
015157
016076
001266
096039
023035
028050
016040
003036
015086
015032
096085
096040
001210
017023
001167
017046
017102
017145
023074
028041
002068
096028
096010
023038
023067
017127
017040
016133
003016
027020
015098
015077
096077
028020
017150
003100
096004
015106
108012
015051
015172
096071
026043
096017
028019
023001
017081
017116
007023
015116
027037
024083
096007
096038
027025
016096
096041
015155
015166
007050
024066
108033
027013
016079
028080
016063
015177
015046
024110
015230
108052
023093
015194
003065
024072
016129
016172
015099
015248
017133
016011
015131
108001
015136
015044
024028
017178
017132
012090
023005
027031
016206
017158
016157
017059
003012
017136
016049
003073
003139
017077
015105
015206
096063
007018
024044
023036
023030
096046
017048
015014
017130
017163
096051
015249
017171
012026
027022
015072
012109
015118
096053
108035
096043
002061
028076
015201
002116
017069
016141
016167
108034
028101
024035
017117
003108
016113
023031
024013
003045
015219
001057
024094
023026
108017
017057
024017
015110
012034
016075
015076
096067
017170
023011
108027
026009
016233
026069
108013
023078
016051
017061
017025
023086
108021
108050
027033
108045
108036
015221
027005
028042
017193
028064
096068
108055
096042
096005
023090
108051
024018
028078
096072
096074
096083
016029
016232
007042
003044
024005
026063
016037
007068
003153
007056
016222
027036
017031
024111
024034
024048
017164
012118
007052
007048
016081
108023
108028
007034
016043
096014
028046
023080
016028
016212
026095
096002
016153
108049
108004
028038
015213
012130
108006
024067
024038
096056
016066
108010
017074
096023
012119
016120
015181
096065
017002
017062
028032
017112
003143
017123
096034
028077
003066
003097
026086
023033
023018
002072
023013
096078
012042
016126
108046
012068
012140
096066
026066
012108
017156
096064
028091
108009
096033
024091
096073
096049
016245
028023
108018
017201
023079
016062
017038
108031
003091
007009
017096
024016
108053
007004
096008
026012
024055
016098
016152
012098
024037
017003
017168
108019
012075
017204
096009
108042
016207
016117
017199
003130
007037
026047
026064
007027
096075
012123
108029
108007
016034
017121
108039
007028
108016
016073
026010
026081
016091
007041
108020
016198
108044
012032
027015
003001
003060
024082
026044
012070
096070
026035
012079
108041
108003
003121
012050
012040
012067
012122
027034
108026
108040
096062
024118
002137
007017
013202
026089
016131
016018
003055
108043
007005
016031
016072
013227
016209
108014
003021
027041
024063
007008
017085
003122
007074
016055
003047
007035
017153
108002
017144
108032
096084
016084
016114
017187
024062
016016
108054
108005
028039
016088
017134
108030
007031
017174
016123
003058
096086
012078
016109
097044
012039
016150
003154
017019
016220
017076
023014
007036
108022
097016
007060
013159
097061
108038
016250
108015
016024
016242
026094
027027
013035
003024
016193
007019
007011
096055
013201
007073
108025
013143
108024
026071
096050
016218
096021
026055
023034
007014
097062
003025
024100
097071
007006
016139
024105
016042
016003
016046
016030
003019
013045
017012
017157
013133
097048
013131
026008
016244
012005
016189
017182
016174
016251
013128
013068
013028
027007
017044
017104
016213
024099
003157
003088
012029
013100
024014
096048
016001
097049
108008
024104
017075
026013
024088
017169
024056
013064
022007
096013
026036
016235
016170
016089
007043
097053
003043
097020
012048
007015
012012
096001
016104
016211
017111
024084
026070
017197
024107
012127
003079
016094
016132
096019
016160
002016
002066
016115
016057
016203
016176
013163
108048
007040
016143
022001
013046
026015
096044
108011
016216
027011
016238
097039
012107
024087
013137
012077
016237
024025
012085
007029
007051
097054
016069
017191
002152
024057
012089
016194
012033
026091
012044
002102
016025
026059
012138
026068
097058
012121
003071
003052
013101
013048
007061
007063
017115
016224
013114
012120
007066
007038
016214
016178
016038
013036
016130
016032
013010
013238
016068
013041
016009
013242
024119
013012
013118
012124
012002
027029
023045
097012
002110
097090
026005
026058
016240
003070
108037
024040
016171
017139
002135
026085
016159
017090
026016
016021
016156
016155
017036
016236
016119
097076
003082
016006
013029
097017
003109
003008
003062
003076
003026
012080
012136
097006
016144
016202
016173
007003
024095
007049
012035
016004
017087
017106
017140
022210
016169
026001
017082
108047
026046
016008
003114
097010
016074
003140
016005
007058
007054
024078
024024
002097
013102
013055
013084
016058
017183
017105
026049
007045
007044
002096
017185
026040
013034
012047
016002
012046
097056
016007
016102
026093
097028
007072
016239
097005
026062
016137
007059
097074
097011
013059
026077
024053
013007
016052
013053
013138
026082
097002
097024
097019
024090
012003
003120
017194
017205
016180
026052
013136
013212
012105
012137
013023
026051
026034
013121
013169
002114
002107
026029
026003
012057
013135
026017
013022
017141
013245
016221
012036
012101
027001
097026
097037
017024
007053
016200
016110
016205
012006
097031
007022
016093
097075
097082
097059
024020
012064
012023
002134
012125
013009
012132
016208
016196
013110
026006
012134
016246
012054
013043
013170
026002
097052
da aggiornare
007057
003133
003112
003022
012073
017143
013147
012025
016185
026032
012091
016070
016026
003002
026039
007030
013075
103040
016179
097036
002166
097051
002156
097072
003095
097057
097033
012016
012028
012111
013006
007064
022025
013154
097013
013157
016050
002025
016124
017098
013165
016197
012133
012096
017189
012082
012071
013004
013129
007067
012126
017084
003051
016161
013215
016248
003119
013003
017058
022203
016111
012128
016067
016015
013095
003115
016022
012049
026041
013097
012116
013222
016085
012084
097009
097003
007062
026050
024033
012014
007069
097014
002014
017005
027030
016100
016060
007024
007002
016023
022021
013005
026004
027009
017010
016252
013099
007039
003098
003006
026074
016204
016162
003103
003084
016108
026038
026088
097021
013038
027016
013206
016247
007026
007001
016128
026024
026023
026075
097038
097086
103022
002043
103004
017007
027040
026028
016234
026025
002008
012018
012030
026037
097034
027018
013232
013228
013251
097042
026054
002078
097078
097022
003116
026045
013197
012072
012017
012095
013134
097068
026011
022124
016035
022183
016082
016186
013192
013199
022123
022161
013058
003093
013026
013032
016190
013024
012038
016086
017089
012008
012009
022153
022193
103010
017142
016027
013193
012013
013188
013223
013042
016071
013098
026048
007047
013065
016041
097083
103048
012004
103013
013052
026080
024114
024093
013144
016199
016249
016187
012052
016033
026061
026014
026056
017079
012093
012139
016253
016080
002048
016116
097045
002121
016148
013013
016168
016127
016106
026083
103064
016182
012104
026090
016077
013152
103050
002002
026031
026060
017070
026019
016188
013195
013037
012088
007046
016201
013229
016210
103059
016092
017065
026021
013044
012053
012031
012074
016230
012043
012055
012117
097055
012063
012083
024031
103034
026076
012015
017018
016146
016175
097046
016158
013119
017017
022087
007010
026072
026073
012110
013217
013186
013161
012141
012007
026026
002041
012131
012058
012021
016064
017006
026057
103058
002057
012011
012087
013123
022006
097001
016099
025002
016149
012051
012019
097050
016163
022238
026087
026033
103069
097018
012037
022098
022135
103032
097060
013015
013211
013030
026065
097004
016241
103035
012115
012010
012113
097029
012062
103019
103038
013246
026079
025055
022127
002113
022229
022234
026053
013139
013250
002029
022191
103039
013236
013063
016048
022222
016125
022045
103008
103072
022144
022224
022102
016012
016147
012059
012100
012060
012045
012024
026022
097065
012066
012041
012069
025070
017206
022232
013126
012097
022128
022109
012114
012099
026027
012022
012102
026042
026020
016184
017055
017028
103007
013011
103021
016061
016164
012081
097007
026092
016078
016017
017022
103033
026018
026084
022078
013087
017128
012027
022013
012086
103051
103002
016136
103014
103003
013074
022104
016227
013203
017100
013184
016145
013025
012103
103044
025004
103043
022034
103054
016229
022199
103074
017027
103061
097035
097043
022083
026007
103009
016118
097084
022058
022003
016166
012076
012020
022095
022017
017094
097070
097040
017118
103015
103023
103045
025034
025028
016151
017095
017049
022246
016243
022079
022053
013252
017050
013120
016121
025021
016165
016191
016036
103018
022236
016090
103055
103049
103037
016225
022205
013040
012092
012056
022032
013253
016195
103057
013187
016223
026078
016014
016134
022091
016107
026067
013071
013234
022239
103070
103016
103005
013113
026030
013189
013111
097079
022022
025022
013145
014031
022130
013021
103001
016056
022049
097027
022139
022190
022129
025061
097067
097064
017124
022048
097015
103077
097069
103053
097008
025026
097085
017035
103017
017054
017051
025029
097047
012142
012065
103066
022059
016226
022243
013047
103078
103052
025058
025036
013185
103011
017135
017047
103030
014006
014001
022216
016103
014011
014049
103075
025011
022244
103068
014016
022247
022182
013233
014065
013077
017131
022188
022156
025060
025048
097030
103041
022090
103027
022171
022240
014064
022043
012061
022189
103036
022142
022248
103047
022231
022157
022202
014030
097063
014047
013207
013085
017176
013204
025006
014056
022138
013083
012129
017016
013062
014026
014052
014055
103020
025053
097077
103028
017063
022179
022168
097023
103062
022085
097032
013183
017101
013106
103012
022009
014063
022038
014024
022018
014045
022097
022061
022089
022115
017175
017181
013090
013160
014029
103060
025056
014002
025040
022184
022133
022015
022002
022112
103042
103029
022029
022120
022103
013249
103024
014048
022011
022005
013218
103076
103025
022108
014069
022093
022081
014003
014039
014027
014022
025045
013107
014017
013089
025012
022225
022092
014025
014005
014053
022241
013239
014014
014023
014007
014004
017068
014078
014015
014028
014020
013092
022143
014061
014044
013130
014010
014051
014070
022209
022126
022042
022172
025025
013226
014021
013155
013216
022164
022052
103046
014046
022117
022167
103067
014041
022047
017148
022180
022249
014075
014066
014059
103071
022235
022177
022050
103026
017198
017083
022116
022080
017202
017184
103065
014074
014038
014067
014062
014068
017110
022037
022196
014008
025057
014057
022134
021076
025071
022213
022200
022226
022181
014032
022131
025043
014013
025059
025067
022040
103056
014076
014040
022233
022160
021045
022147
021025
021003
022137
025027
014019
014036
021029
022074
025001
014054
025023
022114
014034
022064
021053
021024
022230
022242
014050
014033
103006
022041
022070
022211
021102
022136
022062
014077
014043
025019
025035
014018
021098
014058
021015
021001
022068
025037
022173
014060
022110
022195
022118
021060
021105
025010
022150
022033
021059
014073
022169
025062
025013
025063
103031
025049
022054
022237
025066
025003
022155
021058
022152
022030
014072
014012
025069
021012
025039
022154
022071
022060
022176
022026
025044
022250
022051
022170
022063
025018
021040
022027
014071
022162
025007
025054
022159
022088
022111
014035
022163
022039
021004
025014
021043
021008
021069
025008
025051
021023
021104
021049
022113
021100
025032
014009
025065
025030
022046
025033
022036
021095
021031
021072
021019
025016
025005
021097
021118
021089
021085
021055
021084
021002
030189
021079
021026
025050
021099
021006
021042
025017
021035
021037
021050
025046
021061
021007
025015
021041
021018
021093
021056
021066
014037
021065
021039
021082
021033
021047
021103
021067
021112
021086
021051
021038
021028
021092
021114
021020
021117
021036
021048
021022
025047
021094
021005
021064
021062
021116
021091
021011
021009
021046
021087
021101
021014
021044
021111
021073
021077
021080
021106
021052
021113
021057
021054
021081
021013
021109
021083
021071
021075
021032
021074
021021
021027
021030
021110
021063
021070
021016
021034
021088
021096
021115
021017
021107
021010
021108
021068
111011
111042
066082
066042
066081
066087
066059
066105
066090
042040
042003
042037
042026
042046
011014
011012
010037
109037
018102
093009
031007
093002
031020
030025
030123
030043
030059
030111
093029
093049
031014
030035
030095
030049
093015
031019
030135
030072
030026
030109
030116
030090
030027
030099
030003
093031
031010
031005
030078
030124
031008
030022
030055
030102
030011
093016
030046
030041
030063
031017
030092
030068
093014
093001
030113
030107
030033
031002
032004
093045
031011
030082
030048
030073
030098
093012
093013
030188
030121
030064
030058
093007
030117
093006
093020
030136
031024
030106
030087
093042
031009
031021
030030
030019
030114
030007
030097
093035
030110
093018
030009
031003
030120
030060
032005
030070
031022
030093
030047
030083
093050
030127
030042
030023
093008
093041
030079
030014
093011
093046
093052
030112
032006
093037
093032
030101
030061
030045
093028
093038
030012
030075
093019
030031
030128
030071
030013
030065
030056
030052
030037
093030
030084
030105
030118
030094
093033
093024
031016
030130
030018
093047
030104
030089
030137
030080
030015
030020
030133
093021
093043
031006
031015
093027
030039
031025
030081
030053
030132
093044
030040
030100
030032
093040
030126
030057
030001
030108
030069
031023
030004
030028
030010
030034
093034
031018
032001
093039
030006
030138
030044
030088
030131
030029
030066
030067
030051
032003
030008
030077
030054
093004
093025
031001
030024
030074
030091
093022
093036
031012
030129
031004
030122
093005
030103
093026
030085
093010
032002
030062
093051
093017
030086
030021
030002
030076
030016
031013
030005
030036
100005
016083
016065
017030
028093
028104
022106
083090
087052
102039
022035
001235
015250
013248
013178
012106
019072
022228
023044
006039
002091
003040
002158
002017
002115
002127
006152
006126
006103
024009
024039
024041
024042
024054
024085
024089
024122
024007
024019
024030
024032
024049
024050
024076
024080
024106
024112
024115
024012
024023
024026
024058
024059
024070
024073
024077
024081
024086
024101
024096
024097
024113
013153
059002
059005
059016
059027
007007
007012
007013
007016
007020
007025
007032
007033
007065
007071
061014
023025
074013
012001
008016
001316
037061
038027
042050
041068
097091
018166
111084
093053
097092
022245
018192
025072
025073
078156
090035
051042
049021
006192
033049
020072
098062
097093
013254
002170
002171
030190
030191
078157
