001001
001002
001003
001004
001005
001006
001007
001008
001009
001010
001011
001012
001013
001014
001015
001016
001017
001018
001019
001020
001021
001022
001023
001024
001025
001026
001027
001028
001029
001030
001031
001032
001033
001034
001035
001036
001037
001038
001039
001040
001041
001042
001043
001044
001045
001046
001047
001048
001049
001050
001051
001052
001053
001054
001055
001056
001057
001058
001059
001060
001061
001062
001063
001064
001065
001066
001067
001068
001069
001070
001071
001072
001073
001074
001075
001076
001077
001078
001079
001080
001081
001082
001083
001084
001085
001086
001087
001088
001089
001090
001091
001092
001093
001094
001095
001096
001097
001098
001099
001100
001101
001102
001103
001104
001105
001106
001107
001108
001109
001110
001111
001112
001113
001114
001115
001116
001117
001118
001119
001120
001121
001122
001123
001124
001125
001126
001127
001128
001129
001130
001131
001132
001133
001134
001135
001136
001137
001138
001139
001140
001141
001142
001143
001144
001145
001146
001147
001148
001149
001150
001151
001152
001153
001154
001155
001156
001157
001158
001159
001160
001161
001162
001163
001164
001165
001166
001167
001168
001169
001170
001171
001172
001173
001174
001175
001176
001177
001178
001179
001180
001181
001182
001183
001184
001185
001186
001187
001188
001189
001190
001191
001192
001193
001194
001195
001196
001197
001198
001199
001200
001201
001202
001203
001204
001205
001206
001207
001208
001209
001210
001211
001212
001213
001214
001215
001216
001217
001218
001219
001220
001221
001222
001223
001224
001225
001226
001227
001228
001229
001230
001231
001232
001233
001234
001235
001236
001237
001238
001239
001240
001241
001242
001243
001244
001245
001246
001247
001248
001249
001250
001251
001252
001253
001254
001255
001256
001257
001258
001259
001260
001261
001262
001263
001264
001265
001266
001267
001268
001269
001270
001271
001272
001273
001274
001275
001276
001277
001278
001279
001280
001281
001282
001283
001284
001285
001286
001287
001288
001289
001290
001291
001292
001293
001294
001295
001296
001297
001298
001299
001300
001301
001302
001303
001304
001305
001306
001307
001308
001309
001310
001311
001312
001313
001314
001315
001316
002002
002003
002004
002006
002007
002008
002009
002011
002014
002015
002016
002017
002021
002025
002029
002030
002031
002032
002033
002035
002041
002042
002043
002045
002047
002048
002049
002052
002054
002057
002058
002059
002061
002062
002065
002066
002067
002068
002070
002071
002072
002078
002079
002082
002088
002089
002090
002091
002093
002096
002097
002102
002104
002107
002108
002110
002113
002114
002115
002116
002118
002121
002122
002126
002127
002128
002131
002133
002134
002135
002137
002142
002147
002148
002150
002152
002156
002158
002163
002164
002166
002170
002171
003001
003002
003006
003008
003012
003016
003018
003019
003021
003022
003023
003024
003025
003026
003027
003030
003032
003036
003037
003039
003040
003041
003042
003043
003044
003045
003047
003049
003051
003052
003055
003058
003060
003062
003065
003066
003068
003069
003070
003071
003073
003076
003077
003079
003082
003083
003084
003088
003090
003091
003093
003095
003097
003098
003100
003103
003104
003106
003108
003109
003112
003114
003115
003116
003119
003120
003121
003122
003129
003130
003131
003133
003134
003135
003138
003139
003140
003141
003143
003144
003146
003149
003153
003154
003157
003158
003159
003164
004001
004002
004003
004004
004005
004006
004007
004008
004009
004010
004011
004012
004013
004014
004015
004016
004017
004018
004019
004020
004021
004022
004023
004024
004025
004026
004027
004028
004029
004030
004031
004032
004033
004034
004035
004036
004037
004038
004039
004040
004041
004042
004043
004044
004045
004046
004047
004048
004049
004050
004051
004052
004053
004054
004055
004056
004057
004058
004059
004060
004061
004062
004063
004064
004065
004066
004067
004068
004069
004070
004071
004072
004073
004074
004075
004076
004077
004078
004079
004080
004081
004082
004083
004084
004085
004086
004087
004088
004089
004090
004091
004092
004093
004094
004095
004096
004097
004098
004099
004100
004101
004102
004103
004104
004105
004106
004107
004108
004109
004110
004111
004112
004113
004114
004115
004116
004117
004118
004119
004120
004121
004122
004123
004124
004125
004126
004127
004128
004129
004130
004131
004132
004133
004134
004135
004136
004137
004138
004139
004140
004141
004142
004143
004144
004145
004146
004147
004148
004149
004150
004151
004152
004153
004154
004155
004156
004157
004158
004159
004160
004161
004162
004163
004164
004165
004166
004167
004168
004169
004170
004171
004172
004173
004174
004175
004176
004177
004178
004179
004180
004181
004182
004183
004184
004185
004186
004187
004188
004189
004190
004191
004192
004193
004194
004195
004196
004197
004198
004199
004200
004201
004202
004203
004204
004205
004206
004207
004208
004209
004210
004211
004212
004213
004214
004215
004216
004217
004218
004219
004220
004221
004222
004223
004224
004225
004226
004227
004228
004229
004230
004231
004232
004233
004234
004235
004236
004237
004238
004239
004240
004241
004242
004243
004244
004245
004246
004247
004248
004249
004250
005001
005002
005003
005004
005005
005006
005007
005008
005009
005010
005011
005012
005013
005014
005015
005016
005017
005018
005019
005020
005021
005022
005023
005024
005025
005026
005027
005028
005029
005030
005031
005032
005033
005034
005035
005036
005037
005038
005039
005040
005041
005042
005044
005045
005046
005047
005048
005049
005050
005051
005052
005053
005054
005055
005056
005057
005058
005059
005060
005061
005062
005063
005064
005065
005066
005067
005068
005069
005070
005071
005072
005073
005074
005075
005076
005077
005079
005080
005081
005082
005083
005084
005085
005086
005087
005088
005089
005090
005091
005092
005093
005094
005095
005096
005097
005098
005099
005100
005101
005103
005104
005105
005106
005107
005108
005109
005110
005111
005112
005113
005114
005115
005116
005117
005118
005119
005120
005121
006001
006002
006003
006004
006005
006007
006008
006009
006010
006011
006012
006013
006014
006015
006016
006017
006018
006019
006020
006021
006022
006023
006024
006025
006026
006027
006028
006029
006030
006031
006032
006033
006034
006035
006036
006037
006038
006039
006040
006041
006043
006044
006045
006046
006047
006048
006049
006050
006051
006052
006053
006054
006055
006056
006057
006058
006059
006060
006061
006062
006063
006064
006065
006066
006067
006068
006069
006070
006071
006072
006073
006074
006075
006076
006077
006078
006079
006081
006082
006083
006084
006085
006086
006087
006088
006089
006090
006091
006092
006093
006094
006095
006096
006097
006098
006099
006100
006101
006102
006103
006104
006105
006106
006107
006108
006109
006110
006111
006112
006113
006114
006115
006116
006117
006118
006119
006120
006121
006122
006123
006124
006125
006126
006127
006128
006129
006131
006132
006133
006134
006135
006136
006137
006138
006139
006140
006141
006142
006143
006144
006145
006146
006147
006148
006149
006150
006151
006152
006153
006154
006155
006156
006157
006158
006159
006160
006161
006162
006163
006164
006165
006166
006167
006168
006169
006170
006171
006172
006173
006174
006175
006176
006177
006178
006179
006180
006181
006182
006183
006184
006185
006186
006187
006188
006189
006190
006191
006192
007001
007002
007003
007004
007005
007006
007007
007008
007009
007010
007011
007012
007013
007014
007015
007016
007017
007018
007019
007020
007021
007022
007023
007024
007025
007026
007027
007028
007029
007030
007031
007032
007033
007034
007035
007036
007037
007038
007039
007040
007041
007042
007043
007044
007045
007046
007047
007048
007049
007050
007051
007052
007053
007054
007055
007056
007057
007058
007059
007060
007061
007062
007063
007064
007065
007066
007067
007068
007069
007070
007071
007072
007073
007074
008001
008002
008003
008004
008005
008006
008007
008008
008009
008010
008011
008012
008014
008015
008016
008017
008018
008019
008020
008021
008022
008023
008024
008025
008026
008027
008028
008029
008030
008031
008032
008033
008034
008035
008037
008038
008039
008040
008041
008042
008043
008044
008045
008046
008047
008048
008049
008050
008051
008052
008053
008054
008055
008056
008057
008058
008059
008060
008061
008062
008063
008064
008065
008066
008067
008068
009001
009002
009003
009004
009005
009006
009007
009008
009009
009010
009011
009012
009013
009014
009015
009016
009017
009018
009019
009020
009021
009022
009023
009024
009025
009026
009027
009028
009029
009030
009031
009032
009033
009034
009035
009036
009037
009038
009039
009040
009041
009042
009043
009044
009045
009046
009047
009048
009049
009050
009051
009052
009053
009054
009055
009056
009057
009058
009059
009060
009061
009062
009063
009064
009065
009066
009067
009068
009069
010001
010002
010003
010004
010005
010006
010007
010008
010009
010010
010011
010012
010013
010014
010015
010016
010017
010018
010019
010020
010021
010022
010023
010024
010025
010026
010027
010028
010029
010030
010031
010032
010033
010034
010035
010036
010037
010038
010039
010040
010041
010042
010043
010044
010045
010046
010047
010048
010049
010050
010051
010052
010053
010054
010055
010056
010057
010058
010059
010060
010061
010062
010063
010064
010065
010066
010067
011001
011002
011003
011004
011005
011006
011007
011008
011009
011010
011011
011012
011013
011014
011015
011016
011017
011018
011019
011020
011021
011022
011023
011024
011025
011026
011027
011028
011029
011030
011031
011032
012001
012002
012003
012004
012005
012006
012007
012008
012009
012010
012011
012012
012013
012014
012015
012016
012017
012018
012019
012020
012021
012022
012023
012024
012025
012026
012027
012028
012029
012030
012031
012032
012033
012034
012035
012036
012037
012038
012039
012040
012041
012042
012043
012044
012045
012046
012047
012048
012049
012050
012051
012052
012053
012054
012055
012056
012057
012058
012059
012060
012061
012062
012063
012064
012065
012066
012067
012068
012069
012070
012071
012072
012073
012074
012075
012076
012077
012078
012079
012080
012081
012082
012083
012084
012085
012086
012087
012088
012089
012090
012091
012092
012093
012095
012096
012097
012098
012099
012100
012101
012102
012103
012104
012105
012106
012107
012108
012109
012110
012111
012113
012114
012115
012116
012117
012118
012119
012120
012121
012122
012123
012124
012125
012126
012127
012128
012129
012130
012131
012132
012133
012134
012136
012137
012138
012139
012140
012141
012142
013003
013004
013005
013006
013007
013009
013010
013011
013012
013013
013015
013021
013022
013023
013024
013025
013026
013028
013029
013030
013032
013034
013035
013036
013037
013038
013040
013041
013042
013043
013044
013045
013046
013047
013048
013052
013053
013055
013058
013059
013062
013063
013064
013065
013068
013071
013074
013075
013077
013083
013084
013085
013087
013089
013090
013092
013095
013097
013098
013099
013100
013101
013102
013106
013107
013110
013111
013113
013114
013118
013119
013120
013121
013123
013126
013128
013129
013130
013131
013133
013134
013135
013136
013137
013138
013139
013143
013144
013145
013147
013152
013153
013154
013155
013157
013159
013160
013161
013163
013165
013169
013170
013178
013183
013184
013185
013186
013187
013188
013189
013192
013193
013195
013197
013199
013201
013202
013203
013204
013206
013207
013211
013212
013215
013216
013217
013218
013222
013223
013226
013227
013228
013229
013232
013233
013234
013236
013238
013239
013242
013245
013246
013248
013249
013250
013251
013252
013253
013254
014001
014002
014003
014004
014005
014006
014007
014008
014009
014010
014011
014012
014013
014014
014015
014016
014017
014018
014019
014020
014021
014022
014023
014024
014025
014026
014027
014028
014029
014030
014031
014032
014033
014034
014035
014036
014037
014038
014039
014040
014041
014043
014044
014045
014046
014047
014048
014049
014050
014051
014052
014053
014054
014055
014056
014057
014058
014059
014060
014061
014062
014063
014064
014065
014066
014067
014068
014069
014070
014071
014072
014073
014074
014075
014076
014077
014078
015002
015005
015007
015009
015010
015011
015012
015014
015015
015016
015019
015022
015024
015026
015027
015032
015035
015036
015038
015040
015041
015042
015044
015046
015050
015051
015055
015058
015059
015060
015061
015062
015070
015071
015072
015074
015076
015077
015078
015081
015082
015085
015086
015087
015093
015096
015097
015098
015099
015101
015103
015105
015106
015108
015110
015112
015113
015114
015115
015116
015118
015122
015125
015130
015131
015134
015136
015139
015140
015142
015144
015146
015150
015151
015154
015155
015157
015158
015159
015164
015165
015166
015167
015168
015169
015170
015171
015172
015173
015175
015176
015177
015178
015179
015181
015182
015183
015184
015185
015188
015189
015191
015192
015194
015195
015200
015201
015202
015204
015205
015206
015209
015210
015211
015213
015219
015220
015221
015222
015224
015226
015229
015230
015235
015236
015237
015242
015243
015244
015246
015247
015248
015249
015250
016001
016002
016003
016004
016005
016006
016007
016008
016009
016010
016011
016012
016013
016014
016015
016016
016017
016018
016019
016020
016021
016022
016023
016024
016025
016026
016027
016028
016029
016030
016031
016032
016033
016034
016035
016036
016037
016038
016040
016041
016042
016043
016044
016046
016047
016048
016049
016050
016051
016052
016053
016055
016056
016057
016058
016059
016060
016061
016062
016063
016064
016065
016066
016067
016068
016069
016070
016071
016072
016073
016074
016075
016076
016077
016078
016079
016080
016081
016082
016083
016084
016085
016086
016087
016088
016089
016090
016091
016092
016093
016094
016096
016097
016098
016099
016100
016101
016102
016103
016104
016105
016106
016107
016108
016109
016110
016111
016113
016114
016115
016116
016117
016118
016119
016120
016121
016122
016123
016124
016125
016126
016127
016128
016129
016130
016131
016132
016133
016134
016135
016136
016137
016139
016140
016141
016142
016143
016144
016145
016146
016147
016148
016149
016150
016151
016152
016153
016154
016155
016156
016157
016158
016159
016160
016161
016162
016163
016164
016165
016166
016167
016168
016169
016170
016171
016172
016173
016174
016175
016176
016177
016178
016179
016180
016182
016183
016184
016185
016186
016187
016188
016189
016190
016191
016193
016194
016195
016196
016197
016198
016199
016200
016201
016202
016203
016204
016205
016206
016207
016208
016209
016210
016211
016212
016213
016214
016216
016217
016218
016219
016220
016221
016222
016223
016224
016225
016226
016227
016229
016230
016232
016233
016234
016235
016236
016237
016238
016239
016240
016241
016242
016243
016244
016245
016246
016247
016248
016249
016250
016251
016252
016253
017001
017002
017003
017004
017005
017006
017007
017008
017009
017010
017011
017012
017013
017014
017015
017016
017017
017018
017019
017020
017021
017022
017023
017024
017025
017026
017027
017028
017029
017030
017031
017032
017033
017034
017035
017036
017037
017038
017039
017040
017041
017042
017043
017044
017045
017046
017047
017048
017049
017050
017051
017052
017053
017054
017055
017056
017057
017058
017059
017060
017061
017062
017063
017064
017065
017066
017067
017068
017069
017070
017071
017072
017073
017074
017075
017076
017077
017078
017079
017080
017081
017082
017083
017084
017085
017086
017087
017088
017089
017090
017091
017092
017093
017094
017095
017096
017097
017098
017099
017100
017101
017102
017103
017104
017105
017106
017107
017108
017109
017110
017111
017112
017113
017114
017115
017116
017117
017118
017119
017120
017121
017122
017123
017124
017125
017126
017127
017128
017129
017130
017131
017132
017133
017134
017135
017136
017137
017138
017139
017140
017141
017142
017143
017144
017145
017146
017147
017148
017149
017150
017151
017152
017153
017155
017156
017157
017158
017159
017160
017161
017162
017163
017164
017165
017166
017167
017168
017169
017170
017171
017172
017173
017174
017175
017176
017177
017178
017179
017180
017181
017182
017183
017184
017185
017186
017187
017188
017189
017190
017191
017192
017193
017194
017195
017196
017197
017198
017199
017200
017201
017202
017203
017204
017205
017206
018001
018002
018003
018004
018005
018006
018007
018008
018009
018011
018012
018013
018014
018015
018016
018017
018018
018019
018020
018021
018022
018023
018024
018025
018026
018027
018028
018029
018030
018031
018032
018033
018034
018035
018036
018037
018038
018039
018040
018041
018042
018043
018044
018045
018046
018047
018048
018049
018050
018051
018052
018053
018054
018057
018058
018059
018060
018061
018062
018063
018064
018065
018066
018067
018068
018069
018071
018072
018073
018074
018075
018076
018077
018078
018079
018080
018081
018082
018083
018084
018085
018086
018087
018088
018089
018090
018091
018092
018093
018094
018095
018096
018097
018098
018099
018100
018101
018102
018103
018104
018105
018106
018107
018108
018109
018110
018111
018112
018113
018114
018115
018116
018117
018118
018119
018120
018121
018122
018123
018124
018125
018126
018127
018128
018129
018130
018131
018132
018133
018134
018135
018136
018137
018138
018139
018140
018141
018142
018143
018144
018145
018146
018147
018148
018149
018150
018151
018152
018153
018154
018155
018156
018157
018158
018159
018160
018161
018162
018163
018164
018165
018166
018167
018168
018169
018170
018171
018172
018173
018174
018175
018176
018177
018178
018179
018180
018181
018182
018183
018184
018185
018186
018187
018188
018189
018190
018191
018192
019001
019002
019003
019004
019005
019006
019007
019008
019009
019010
019011
019012
019013
019014
019015
019016
019017
019018
019019
019020
019021
019022
019023
019024
019025
019026
019027
019028
019029
019030
019031
019032
019033
019034
019035
019036
019037
019038
019039
019040
019041
019042
019043
019044
019045
019046
019047
019048
019049
019050
019051
019052
019053
019054
019055
019056
019057
019058
019059
019060
019061
019062
019063
019064
019065
019066
019067
019068
019069
019070
019071
019072
019073
019074
019075
019076
019077
019078
019079
019080
019081
019082
019083
019084
019085
019086
019087
019088
019089
019090
019091
019092
019093
019094
019095
019096
019097
019098
019099
019100
019101
019102
019103
019104
019105
019106
019107
019108
019109
019110
019111
019112
019113
019114
019115
020001
020002
020003
020004
020006
020007
020008
020009
020010
020011
020012
020013
020014
020015
020016
020017
020018
020019
020020
020021
020022
020024
020025
020026
020027
020028
020029
020030
020031
020032
020033
020034
020035
020036
020037
020038
020039
020041
020042
020043
020044
020045
020046
020047
020048
020050
020051
020052
020053
020054
020055
020056
020057
020058
020059
020060
020061
020062
020063
020064
020065
020066
020068
020070
020071
020072
021001
021002
021003
021004
021005
021006
021007
021008
021009
021010
021011
021012
021013
021014
021015
021016
021017
021018
021019
021020
021021
021022
021023
021024
021025
021026
021027
021028
021029
021030
021031
021032
021033
021034
021035
021036
021037
021038
021039
021040
021041
021042
021043
021044
021045
021046
021047
021048
021049
021050
021051
021052
021053
021054
021055
021056
021057
021058
021059
021060
021061
021062
021063
021064
021065
021066
021067
021068
021069
021070
021071
021072
021073
021074
021075
021076
021077
021079
021080
021081
021082
021083
021084
021085
021086
021087
021088
021089
021091
021092
021093
021094
021095
021096
021097
021098
021099
021100
021101
021102
021103
021104
021105
021106
021107
021108
021109
021110
021111
021112
021113
021114
021115
021116
021117
021118
022001
022002
022003
022005
022006
022007
022009
022011
022013
022015
022017
022018
022021
022022
022025
022026
022027
022029
022030
022032
022033
022034
022035
022036
022037
022038
022039
022040
022041
022042
022043
022045
022046
022047
022048
022049
022050
022051
022052
022053
022054
022058
022059
022060
022061
022062
022063
022064
022068
022070
022071
022074
022078
022079
022080
022081
022083
022085
022087
022088
022089
022090
022091
022092
022093
022095
022097
022098
022102
022103
022104
022106
022108
022109
022110
022111
022112
022113
022114
022115
022116
022117
022118
022120
022123
022124
022126
022127
022128
022129
022130
022131
022133
022134
022135
022136
022137
022138
022139
022142
022143
022144
022147
022150
022152
022153
022154
022155
022156
022157
022159
022160
022161
022162
022163
022164
022165
022167
022168
022169
022170
022171
022172
022173
022176
022177
022179
022180
022181
022182
022183
022184
022188
022189
022190
022191
022193
022195
022196
022199
022200
022202
022203
022205
022209
022210
022211
022213
022216
022222
022224
022225
022226
022228
022229
022230
022231
022232
022233
022234
022235
022236
022237
022238
022239
022240
022241
022242
022243
022244
022245
022246
022247
022248
022249
022250
023001
023002
023003
023004
023005
023006
023007
023008
023009
023010
023011
023012
023013
023014
023015
023016
023017
023018
023019
023020
023021
023022
023023
023024
023025
023026
023027
023028
023029
023030
023031
023032
023033
023034
023035
023036
023037
023038
023039
023040
023041
023042
023043
023044
023045
023046
023047
023048
023049
023050
023051
023052
023053
023054
023055
023056
023057
023058
023059
023060
023061
023062
023063
023064
023065
023066
023067
023068
023069
023070
023071
023072
023073
023074
023075
023076
023077
023078
023079
023080
023081
023082
023083
023084
023085
023086
023087
023088
023089
023090
023091
023092
023093
023094
023095
023096
023097
023098
024001
024002
024003
024004
024005
024006
024007
024008
024009
024010
024012
024013
024014
024015
024016
024017
024018
024019
024020
024021
024022
024023
024024
024025
024026
024027
024028
024029
024030
024031
024032
024033
024034
024035
024036
024037
024038
024039
024040
024041
024042
024043
024044
024046
024047
024048
024049
024050
024051
024052
024053
024054
024055
024056
024057
024058
024059
024060
024061
024062
024063
024064
024065
024066
024067
024068
024070
024071
024072
024073
024074
024075
024076
024077
024078
024079
024080
024081
024082
024083
024084
024085
024086
024087
024088
024089
024090
024091
024093
024094
024095
024096
024097
024098
024099
024100
024101
024102
024103
024104
024105
024106
024107
024108
024110
024111
024112
024113
024114
024115
024116
024117
024118
024119
024120
024121
024122
024123
024124
025001
025002
025003
025004
025005
025006
025007
025008
025010
025011
025012
025013
025014
025015
025016
025017
025018
025019
025021
025022
025023
025025
025026
025027
025028
025029
025030
025032
025033
025034
025035
025036
025037
025039
025040
025043
025044
025045
025046
025047
025048
025049
025050
025051
025053
025054
025055
025056
025057
025058
025059
025060
025061
025062
025063
025065
025066
025067
025069
025070
025071
025072
025073
026001
026002
026003
026004
026005
026006
026007
026008
026009
026010
026011
026012
026013
026014
026015
026016
026017
026018
026019
026020
026021
026022
026023
026024
026025
026026
026027
026028
026029
026030
026031
026032
026033
026034
026035
026036
026037
026038
026039
026040
026041
026042
026043
026044
026045
026046
026047
026048
026049
026050
026051
026052
026053
026054
026055
026056
026057
026058
026059
026060
026061
026062
026063
026064
026065
026066
026067
026068
026069
026070
026071
026072
026073
026074
026075
026076
026077
026078
026079
026080
026081
026082
026083
026084
026085
026086
026087
026088
026089
026090
026091
026092
026093
026094
026095
027001
027002
027003
027004
027005
027006
027007
027008
027009
027010
027011
027012
027013
027014
027015
027016
027017
027018
027019
027020
027021
027022
027023
027024
027025
027026
027027
027028
027029
027030
027031
027032
027033
027034
027035
027036
027037
027038
027039
027040
027041
027042
027043
027044
028001
028002
028003
028004
028005
028006
028007
028008
028009
028010
028011
028012
028013
028014
028015
028016
028017
028018
028019
028020
028021
028022
028023
028026
028027
028028
028029
028030
028031
028032
028033
028034
028035
028036
028037
028038
028039
028040
028041
028042
028043
028044
028045
028046
028047
028048
028049
028050
028052
028053
028054
028055
028056
028057
028058
028059
028060
028061
028062
028063
028064
028065
028066
028067
028068
028069
028070
028071
028072
028073
028075
028076
028077
028078
028079
028080
028082
028083
028084
028085
028086
028087
028088
028089
028090
028091
028092
028093
028094
028095
028096
028097
028098
028099
028100
028101
028102
028103
028104
028105
028106
028107
029001
029002
029003
029004
029005
029006
029007
029008
029009
029010
029011
029012
029013
029014
029015
029017
029018
029019
029021
029022
029023
029024
029025
029026
029027
029028
029029
029030
029031
029032
029033
029034
029035
029036
029037
029038
029039
029040
029041
029042
029043
029044
029045
029046
029047
029048
029049
029050
029051
029052
030001
030002
030003
030004
030005
030006
030007
030008
030009
030010
030011
030012
030013
030014
030015
030016
030018
030019
030020
030021
030022
030023
030024
030025
030026
030027
030028
030029
030030
030031
030032
030033
030034
030035
030036
030037
030039
030040
030041
030042
030043
030044
030045
030046
030047
030048
030049
030051
030052
030053
030054
030055
030056
030057
030058
030059
030060
030061
030062
030063
030064
030065
030066
030067
030068
030069
030070
030071
030072
030073
030074
030075
030076
030077
030078
030079
030080
030081
030082
030083
030084
030085
030086
030087
030088
030089
030090
030091
030092
030093
030094
030095
030097
030098
030099
030100
030101
030102
030103
030104
030105
030106
030107
030108
030109
030110
030111
030112
030113
030114
030116
030117
030118
030120
030121
030122
030123
030124
030126
030127
030128
030129
030130
030131
030132
030133
030135
030136
030137
030138
030188
030189
030190
030191
031001
031002
031003
031004
031005
031006
031007
031008
031009
031010
031011
031012
031013
031014
031015
031016
031017
031018
031019
031020
031021
031022
031023
031024
031025
032001
032002
032003
032004
032005
032006
033001
033002
033003
033004
033005
033006
033007
033008
033010
033011
033012
033013
033014
033015
033016
033017
033018
033019
033020
033021
033022
033023
033024
033025
033026
033027
033028
033030
033032
033033
033034
033035
033036
033037
033038
033039
033040
033041
033042
033043
033044
033045
033046
033047
033048
033049
034001
034002
034003
034004
034005
034006
034007
034008
034009
034010
034011
034012
034013
034014
034015
034016
034017
034018
034019
034020
034021
034022
034023
034024
034025
034026
034027
034028
034030
034031
034032
034033
034035
034036
034037
034038
034039
034040
034041
034042
034044
034045
034046
034049
034050
035001
035002
035003
035004
035005
035006
035008
035009
035010
035011
035012
035013
035014
035015
035016
035017
035018
035020
035021
035022
035023
035024
035026
035027
035028
035029
035030
035032
035033
035034
035035
035036
035037
035038
035039
035040
035041
035042
035043
035044
035045
035046
036001
036002
036003
036004
036005
036006
036007
036008
036009
036010
036011
036012
036013
036014
036015
036016
036017
036018
036019
036020
036021
036022
036023
036024
036025
036026
036027
036028
036029
036030
036031
036032
036033
036034
036035
036036
036037
036038
036039
036040
036041
036042
036043
036044
036045
036046
036047
037001
037002
037003
037005
037006
037007
037008
037009
037010
037011
037012
037013
037014
037015
037016
037017
037019
037020
037021
037022
037024
037025
037026
037027
037028
037030
037031
037032
037033
037034
037035
037036
037037
037038
037039
037040
037041
037042
037044
037045
037046
037047
037048
037050
037051
037052
037053
037054
037055
037056
037057
037059
037060
037061
037062
038001
038002
038003
038004
038005
038006
038007
038008
038009
038010
038011
038012
038014
038017
038018
038019
038020
038022
038023
038024
038025
038027
038028
039001
039002
039003
039004
039005
039006
039007
039008
039009
039010
039011
039012
039013
039014
039015
039016
039017
039018
040001
040003
040004
040005
040007
040008
040009
040011
040012
040013
040014
040015
040016
040018
040019
040020
040022
040028
040031
040032
040033
040036
040037
040041
040043
040044
040045
040046
040049
040050
041001
041002
041003
041005
041006
041007
041008
041009
041010
041013
041014
041015
041016
041017
041018
041019
041020
041021
041022
041023
041025
041026
041027
041028
041029
041030
041031
041032
041033
041034
041035
041036
041038
041041
041043
041044
041045
041047
041048
041049
041051
041054
041057
041058
041059
041060
041061
041064
041065
041066
041067
041068
041069
041070
042001
042002
042003
042004
042005
042006
042007
042008
042010
042011
042012
042013
042014
042015
042016
042017
042018
042019
042020
042021
042022
042023
042024
042025
042026
042027
042029
042030
042031
042032
042033
042034
042035
042036
042037
042038
042040
042041
042042
042043
042044
042045
042046
042047
042048
042049
042050
043002
043003
043004
043005
043006
043007
043008
043009
043010
043011
043012
043013
043014
043015
043016
043017
043019
043020
043021
043022
043023
043024
043025
043026
043027
043028
043029
043030
043031
043032
043033
043034
043035
043036
043038
043039
043040
043041
043042
043043
043044
043045
043046
043047
043048
043049
043050
043051
043052
043053
043054
043055
043056
043057
043058
044001
044002
044005
044006
044007
044010
044011
044012
044013
044014
044015
044016
044017
044020
044021
044023
044027
044029
044031
044032
044034
044036
044038
044044
044045
044054
044056
044063
044064
044065
044066
044071
044073
045001
045002
045003
045004
045005
045006
045007
045008
045009
045010
045011
045012
045013
045014
045015
045016
045017
046001
046002
046003
046004
046005
046006
046007
046008
046009
046010
046011
046013
046014
046015
046017
046018
046019
046020
046021
046022
046023
046024
046025
046026
046027
046028
046030
046031
046033
046034
046035
046036
046037
047002
047003
047005
047006
047007
047008
047009
047010
047011
047012
047013
047014
047016
047017
047018
047020
047021
047022
047023
047024
048001
048002
048003
048004
048005
048006
048008
048010
048011
048012
048013
048014
048015
048017
048018
048019
048020
048021
048022
048024
048025
048026
048027
048028
048030
048031
048032
048033
048035
048036
048037
048038
048039
048041
048043
048044
048045
048046
048049
048050
048052
048053
049001
049002
049003
049004
049005
049006
049007
049008
049009
049010
049011
049012
049013
049014
049017
049018
049019
049020
049021
050001
050002
050003
050004
050005
050006
050008
050009
050010
050011
050012
050014
050015
050016
050019
050020
050021
050022
050023
050024
050025
050026
050027
050028
050029
050030
050031
050032
050033
050034
050035
050036
050037
050038
050039
050040
050041
051001
051002
051003
051004
051005
051006
051007
051008
051010
051011
051012
051013
051014
051015
051016
051017
051018
051020
051021
051022
051023
051024
051025
051026
051027
051030
051031
051033
051034
051035
051037
051038
051039
051040
051041
051042
052001
052002
052003
052004
052005
052006
052007
052008
052009
052010
052011
052012
052013
052015
052016
052017
052018
052019
052020
052021
052022
052023
052024
052025
052026
052027
052028
052030
052031
052032
052033
052034
052035
052036
052037
053001
053002
053003
053004
053005
053006
053007
053008
053009
053010
053011
053012
053013
053014
053015
053016
053017
053018
053019
053020
053021
053022
053023
053024
053025
053026
053027
053028
054001
054002
054003
054004
054005
054006
054007
054008
054009
054010
054011
054012
054013
054014
054015
054016
054017
054018
054019
054020
054021
054022
054023
054024
054025
054026
054027
054028
054029
054030
054031
054032
054033
054034
054035
054036
054037
054038
054039
054040
054041
054042
054043
054044
054045
054046
054047
054048
054049
054050
054051
054052
054053
054054
054055
054056
054057
054058
054059
055001
055002
055003
055004
055005
055006
055007
055008
055009
055010
055011
055012
055013
055014
055015
055016
055017
055018
055019
055020
055021
055022
055023
055024
055025
055026
055027
055028
055029
055030
055031
055032
055033
056001
056002
056003
056004
056005
056006
056007
056008
056009
056010
056011
056012
056013
056014
056015
056016
056017
056018
056019
056020
056021
056022
056023
056024
056025
056026
056027
056028
056029
056030
056031
056032
056033
056034
056035
056036
056037
056038
056039
056040
056041
056042
056043
056044
056045
056046
056047
056048
056049
056050
056051
056052
056053
056054
056055
056056
056057
056058
056059
056060
057001
057002
057003
057004
057005
057006
057007
057008
057009
057010
057011
057012
057013
057014
057015
057016
057017
057018
057019
057020
057021
057022
057023
057024
057025
057026
057027
057028
057029
057030
057031
057032
057033
057034
057035
057036
057037
057038
057039
057040
057041
057042
057043
057044
057045
057046
057047
057048
057049
057050
057051
057052
057053
057054
057055
057056
057057
057058
057059
057060
057061
057062
057063
057064
057065
057066
057067
057068
057069
057070
057071
057072
057073
058001
058002
058003
058004
058005
058006
058007
058008
058009
058010
058011
058012
058013
058014
058015
058016
058017
058018
058019
058020
058021
058022
058023
058024
058025
058026
058027
058028
058029
058030
058031
058032
058033
058034
058035
058036
058037
058038
058039
058040
058041
058042
058043
058044
058045
058046
058047
058048
058049
058050
058051
058052
058053
058054
058055
058056
058057
058058
058059
058060
058061
058062
058063
058064
058065
058066
058067
058068
058069
058070
058071
058072
058073
058074
058075
058076
058077
058078
058079
058080
058081
058082
058083
058084
058085
058086
058087
058088
058089
058090
058091
058092
058093
058094
058095
058096
058097
058098
058099
058100
058101
058102
058103
058104
058105
058106
058107
058108
058109
058110
058111
058112
058113
058114
058115
058116
058117
058118
058119
058120
058122
059001
059002
059003
059004
059005
059006
059007
059008
059009
059010
059011
059012
059013
059014
059015
059016
059017
059018
059019
059020
059021
059022
059023
059024
059025
059026
059027
059028
059029
059030
059031
059032
059033
060001
060002
060003
060004
060005
060006
060007
060008
060009
060010
060011
060012
060013
060014
060015
060016
060017
060018
060019
060020
060021
060022
060023
060024
060025
060026
060027
060028
060029
060030
060031
060032
060033
060034
060035
060036
060037
060038
060039
060040
060041
060042
060043
060044
060045
060046
060047
060048
060049
060050
060051
060052
060053
060054
060055
060056
060057
060058
060059
060060
060061
060062
060063
060064
060065
060066
060067
060068
060069
060070
060071
060072
060073
060074
060075
060076
060077
060078
060079
060080
060081
060082
060083
060084
060085
060086
060087
060088
060089
060090
060091
061001
061002
061003
061004
061005
061006
061007
061008
061009
061010
061011
061012
061013
061014
061015
061016
061017
061018
061019
061020
061021
061022
061023
061024
061025
061026
061027
061028
061029
061030
061031
061032
061033
061034
061035
061036
061037
061038
061039
061040
061041
061042
061043
061044
061045
061046
061047
061048
061049
061050
061051
061052
061053
061054
061055
061056
061057
061058
061059
061060
061061
061062
061063
061064
061065
061066
061067
061068
061069
061070
061071
061072
061073
061074
061075
061076
061077
061078
061079
061080
061081
061082
061083
061084
061085
061086
061087
061088
061089
061090
061091
061092
061093
061094
061095
061096
061097
061098
061099
061100
061101
061102
061103
061104
062001
062002
062003
062004
062005
062006
062007
062008
062009
062010
062011
062012
062013
062014
062015
062016
062017
062018
062019
062020
062021
062022
062023
062024
062025
062026
062027
062028
062029
062030
062031
062032
062033
062034
062035
062036
062037
062038
062039
062040
062041
062042
062043
062044
062045
062046
062047
062048
062049
062050
062051
062052
062053
062054
062055
062056
062057
062058
062059
062060
062061
062062
062063
062064
062065
062066
062067
062068
062069
062070
062071
062072
062073
062074
062075
062076
062077
062078
063001
063002
063003
063004
063005
063006
063007
063008
063009
063010
063011
063012
063013
063014
063015
063016
063017
063018
063019
063020
063021
063022
063023
063024
063025
063026
063027
063028
063029
063030
063031
063032
063033
063034
063035
063036
063037
063038
063039
063040
063041
063042
063043
063044
063045
063046
063047
063048
063049
063050
063051
063052
063053
063054
063055
063056
063057
063058
063059
063060
063061
063062
063063
063064
063065
063066
063067
063068
063069
063070
063071
063072
063073
063074
063075
063076
063077
063078
063079
063080
063081
063082
063083
063084
063085
063086
063087
063088
063089
063090
063091
063092
064001
064002
064003
064004
064005
064006
064007
064008
064009
064010
064011
064012
064013
064014
064015
064016
064017
064018
064019
064020
064021
064022
064023
064024
064025
064026
064027
064028
064029
064030
064031
064032
064033
064034
064035
064036
064037
064038
064039
064040
064041
064042
064043
064044
064045
064046
064047
064048
064049
064050
064051
064052
064053
064054
064055
064056
064057
064058
064059
064060
064063
064064
064065
064066
064067
064068
064069
064070
064071
064072
064073
064074
064075
064076
064077
064078
064079
064080
064081
064082
064083
064084
064085
064086
064087
064088
064089
064090
064091
064092
064093
064095
064096
064097
064098
064099
064100
064101
064102
064103
064104
064105
064106
064107
064108
064109
064110
064111
064112
064113
064114
064115
064116
064117
064118
064119
064120
064121
065001
065002
065003
065004
065005
065006
065007
065008
065009
065010
065011
065012
065013
065014
065015
065016
065017
065018
065019
065020
065021
065022
065023
065024
065025
065026
065027
065028
065029
065030
065031
065032
065033
065034
065035
065036
065037
065038
065039
065040
065041
065042
065043
065044
065045
065046
065047
065048
065049
065050
065051
065052
065053
065054
065055
065056
065057
065058
065059
065060
065061
065062
065063
065064
065065
065066
065067
065068
065069
065070
065071
065072
065073
065074
065075
065076
065077
065078
065079
065080
065081
065082
065083
065084
065085
065086
065087
065088
065089
065090
065091
065092
065093
065094
065095
065096
065097
065098
065099
065100
065101
065102
065103
065104
065105
065106
065107
065108
065109
065110
065111
065112
065113
065114
065115
065116
065117
065118
065119
065120
065121
065122
065123
065124
065125
065126
065127
065128
065129
065130
065131
065132
065133
065134
065135
065136
065137
065138
065139
065140
065141
065142
065143
065144
065145
065146
065147
065148
065149
065150
065151
065152
065153
065154
065155
065156
065157
065158
066001
066002
066003
066004
066005
066006
066007
066008
066009
066010
066011
066012
066013
066014
066015
066016
066017
066018
066019
066020
066021
066022
066023
066024
066025
066026
066027
066028
066029
066030
066031
066032
066033
066034
066035
066036
066037
066038
066039
066040
066041
066042
066043
066044
066045
066046
066047
066048
066049
066050
066051
066052
066053
066054
066055
066056
066057
066058
066059
066060
066061
066062
066063
066064
066065
066066
066067
066068
066069
066070
066071
066072
066073
066074
066075
066076
066077
066078
066079
066080
066081
066082
066083
066084
066085
066086
066087
066088
066089
066090
066091
066092
066093
066094
066095
066096
066097
066098
066099
066100
066101
066102
066103
066104
066105
066106
066107
066108
067001
067002
067003
067004
067005
067006
067007
067008
067009
067010
067011
067012
067013
067014
067015
067016
067017
067018
067019
067020
067021
067022
067023
067024
067025
067026
067027
067028
067029
067030
067031
067032
067033
067034
067035
067036
067037
067038
067039
067040
067041
067042
067043
067044
067045
067046
067047
068001
068002
068003
068004
068005
068006
068007
068008
068009
068010
068011
068012
068013
068014
068015
068016
068017
068018
068019
068020
068021
068022
068023
068024
068025
068026
068027
068028
068029
068030
068031
068032
068033
068034
068035
068036
068037
068038
068039
068040
068041
068042
068043
068044
068045
068046
069001
069002
069003
069004
069005
069006
069007
069008
069009
069010
069011
069012
069013
069014
069015
069016
069017
069018
069019
069020
069021
069022
069023
069024
069025
069026
069027
069028
069029
069030
069031
069032
069033
069034
069035
069036
069037
069038
069039
069040
069041
069042
069043
069044
069045
069046
069047
069048
069049
069050
069051
069052
069053
069054
069055
069056
069057
069058
069059
069060
069061
069062
069063
069064
069065
069066
069067
069068
069069
069070
069071
069072
069073
069074
069075
069076
069077
069078
069079
069080
069081
069082
069083
069084
069085
069086
069087
069088
069089
069090
069091
069092
069093
069094
069095
069096
069097
069098
069099
069100
069101
069102
069103
069104
070001
070002
070003
070004
070005
070006
070007
070008
070009
070010
070011
070012
070013
070014
070015
070016
070017
070018
070019
070020
070021
070022
070023
070024
070025
070026
070027
070028
070029
070030
070031
070032
070033
070034
070035
070036
070037
070038
070039
070040
070041
070042
070043
070044
070045
070046
070047
070048
070049
070050
070051
070052
070053
070054
070055
070056
070057
070058
070059
070060
070061
070062
070063
070064
070065
070066
070067
070068
070069
070070
070071
070072
070073
070074
070075
070076
070077
070078
070079
070080
070081
070082
070083
070084
071001
071002
071003
071004
071005
071006
071007
071008
071009
071010
071011
071012
071013
071014
071015
071016
071017
071018
071019
071020
071021
071022
071023
071024
071025
071026
071027
071028
071029
071031
071032
071033
071034
071035
071036
071037
071038
071039
071040
071041
071042
071043
071044
071046
071047
071048
071049
071050
071051
071052
071053
071054
071055
071056
071058
071059
071060
071061
071062
071063
071064
072001
072002
072003
072004
072006
072008
072010
072011
072012
072014
072015
072016
072017
072018
072019
072020
072021
072022
072023
072024
072025
072027
072028
072029
072030
072031
072032
072033
072034
072035
072036
072037
072038
072039
072040
072041
072043
072044
072046
072047
072048
073001
073002
073003
073004
073005
073006
073007
073008
073009
073010
073011
073012
073013
073014
073015
073016
073017
073018
073019
073020
073021
073022
073023
073024
073025
073026
073027
073028
073029
074001
074002
074003
074004
074005
074006
074007
074008
074009
074010
074011
074012
074013
074014
074015
074016
074017
074018
074019
074020
075001
075002
075003
075004
075005
075006
075007
075008
075009
075010
075011
075012
075013
075014
075015
075016
075017
075018
075019
075020
075021
075022
075023
075024
075025
075026
075027
075028
075029
075030
075031
075032
075033
075034
075035
075036
075037
075038
075039
075040
075041
075042
075043
075044
075045
075046
075047
075048
075049
075050
075051
075052
075053
075054
075055
075056
075057
075058
075059
075060
075061
075062
075063
075064
075065
075066
075067
075068
075069
075070
075071
075072
075073
075074
075075
075076
075077
075078
075079
075080
075081
075082
075083
075084
075085
075086
075087
075088
075089
075090
075091
075092
075093
075094
075095
075096
075097
076001
076002
076003
076004
076005
076006
076007
076008
076009
076010
076011
076012
076013
076014
076015
076016
076017
076018
076019
076020
076021
076022
076023
076024
076025
076026
076027
076028
076029
076030
076031
076032
076033
076034
076035
076036
076037
076038
076039
076040
076041
076042
076043
076044
076045
076046
076047
076048
076049
076050
076051
076052
076053
076054
076055
076056
076057
076058
076059
076060
076061
076062
076063
076064
076065
076066
076067
076068
076069
076070
076071
076072
076073
076074
076075
076076
076077
076078
076079
076080
076081
076082
076083
076084
076085
076086
076087
076088
076089
076090
076091
076092
076093
076094
076095
076096
076097
076098
076099
076100
077001
077002
077003
077004
077005
077006
077007
077008
077009
077010
077011
077012
077013
077014
077015
077016
077017
077018
077019
077020
077021
077022
077023
077024
077025
077026
077027
077028
077029
077030
077031
078001
078002
078003
078004
078005
078006
078007
078008
078009
078010
078011
078012
078013
078014
078015
078016
078017
078018
078019
078020
078021
078022
078023
078024
078025
078026
078027
078029
078030
078031
078032
078033
078034
078035
078036
078037
078038
078039
078040
078041
078042
078043
078045
078046
078047
078048
078049
078050
078051
078052
078053
078054
078055
078056
078057
078058
078059
078060
078061
078062
078063
078064
078065
078066
078067
078068
078069
078070
078071
078072
078073
078074
078075
078076
078077
078078
078079
078080
078081
078082
078083
078084
078085
078086
078087
078088
078089
078090
078091
078092
078093
078094
078096
078097
078098
078099
078100
078101
078102
078103
078104
078105
078106
078107
078109
078110
078111
078112
078113
078114
078115
078116
078117
078118
078119
078120
078121
078122
078123
078124
078125
078126
078127
078128
078129
078130
078131
078132
078133
078134
078135
078136
078137
078138
078139
078140
078142
078143
078145
078146
078147
078148
078149
078150
078152
078153
078154
078155
078156
078157
079002
079003
079004
079005
079007
079008
079009
079011
079012
079017
079018
079020
079023
079024
079025
079027
079029
079030
079033
079034
079036
079039
079042
079043
079047
079048
079052
079055
079056
079058
079059
079060
079061
079063
079065
079068
079069
079071
079072
079073
079074
079077
079080
079081
079083
079087
079088
079089
079092
079094
079095
079096
079099
079108
079110
079114
079115
079116
079117
079118
079122
079123
079126
079127
079129
079130
079131
079133
079134
079137
079138
079139
079142
079143
079146
079147
079148
079151
079157
079160
080001
080002
080003
080004
080005
080006
080007
080008
080009
080010
080011
080012
080013
080014
080015
080016
080017
080018
080019
080020
080021
080022
080023
080024
080025
080026
080027
080028
080029
080030
080031
080032
080033
080034
080035
080036
080037
080038
080039
080040
080041
080042
080043
080044
080045
080046
080047
080048
080049
080050
080051
080052
080053
080054
080055
080056
080057
080058
080059
080060
080061
080062
080063
080064
080065
080066
080067
080068
080069
080070
080071
080072
080073
080074
080075
080076
080077
080078
080079
080080
080081
080082
080083
080084
080085
080086
080087
080088
080089
080090
080091
080092
080093
080094
080095
080096
080097
081001
081002
081003
081004
081005
081006
081007
081008
081009
081010
081011
081012
081013
081014
081015
081016
081017
081018
081019
081020
081021
081022
081023
081024
082001
082002
082003
082004
082005
082006
082007
082008
082009
082010
082011
082012
082013
082014
082015
082016
082017
082018
082019
082020
082021
082022
082023
082024
082025
082026
082027
082028
082029
082030
082031
082032
082033
082034
082035
082036
082037
082038
082039
082040
082041
082042
082043
082044
082045
082046
082047
082048
082049
082050
082051
082052
082053
082054
082055
082056
082057
082058
082059
082060
082061
082062
082063
082064
082065
082066
082067
082068
082069
082070
082071
082072
082073
082074
082075
082076
082077
082078
082079
082080
082081
082082
083001
083002
083003
083004
083005
083006
083007
083008
083009
083010
083011
083012
083013
083014
083015
083016
083017
083018
083019
083020
083021
083022
083023
083024
083025
083026
083027
083028
083029
083030
083031
083032
083033
083034
083035
083036
083037
083038
083039
083040
083041
083042
083043
083044
083045
083046
083047
083048
083049
083050
083051
083052
083053
083054
083055
083056
083057
083058
083059
083060
083061
083062
083063
083064
083065
083066
083067
083068
083069
083070
083071
083072
083073
083074
083075
083076
083077
083078
083079
083080
083081
083082
083083
083084
083085
083086
083087
083088
083089
083090
083091
083092
083093
083094
083095
083096
083097
083098
083099
083100
083101
083102
083103
083104
083105
083106
083107
083108
084001
084002
084003
084004
084005
084006
084007
084008
084009
084010
084011
084012
084013
084014
084015
084016
084017
084018
084019
084020
084021
084022
084023
084024
084025
084026
084027
084028
084029
084030
084031
084032
084033
084034
084035
084036
084037
084038
084039
084040
084041
084042
084043
085001
085002
085003
085004
085005
085006
085007
085008
085009
085010
085011
085012
085013
085014
085015
085016
085017
085018
085019
085020
085021
085022
086001
086002
086003
086004
086005
086006
086007
086008
086009
086010
086011
086012
086013
086014
086015
086016
086017
086018
086019
086020
087001
087002
087003
087004
087005
087006
087007
087008
087009
087010
087011
087012
087013
087014
087015
087016
087017
087018
087019
087020
087021
087022
087023
087024
087025
087026
087027
087028
087029
087030
087031
087032
087033
087034
087035
087036
087037
087038
087039
087040
087041
087042
087043
087044
087045
087046
087047
087048
087049
087050
087051
087052
087053
087054
087055
087056
087057
087058
088001
088002
088003
088004
088005
088006
088007
088008
088009
088010
088011
088012
089001
089002
089003
089004
089005
089006
089007
089008
089009
089010
089011
089012
089013
089014
089015
089016
089017
089018
089019
089020
089021
090001
090002
090003
090004
090005
090006
090007
090008
090009
090010
090011
090012
090013
090014
090015
090016
090017
090018
090019
090020
090021
090022
090023
090024
090025
090026
090027
090028
090029
090030
090031
090032
090033
090034
090035
090036
090037
090038
090039
090040
090041
090042
090043
090044
090045
090046
090047
090048
090049
090050
090051
090052
090053
090054
090055
090056
090057
090058
090059
090060
090061
090062
090063
090064
090065
090066
090067
090068
090069
090070
090071
090072
090073
090074
090075
090076
090077
090078
090079
090080
090081
090082
090083
090084
090085
090086
090087
090088
090089
090090
090091
090092
091001
091002
091003
091004
091005
091006
091007
091008
091009
091010
091011
091012
091016
091017
091018
091019
091024
091025
091026
091027
091028
091031
091032
091033
091035
091037
091038
091039
091040
091041
091042
091043
091044
091046
091047
091050
091051
091055
091056
091057
091058
091059
091060
091061
091062
091063
091064
091066
091067
091068
091069
091070
091071
091072
091073
091077
091083
091084
091085
091086
091088
091089
091090
091091
091093
091094
091095
091097
091098
091099
091100
091101
091103
091104
092003
092009
092011
092015
092037
092050
092051
092066
092068
092074
092075
092080
092090
092099
092105
092108
092109
093001
093002
093004
093005
093006
093007
093008
093009
093010
093011
093012
093013
093014
093015
093016
093017
093018
093019
093020
093021
093022
093024
093025
093026
093027
093028
093029
093030
093031
093032
093033
093034
093035
093036
093037
093038
093039
093040
093041
093042
093043
093044
093045
093046
093047
093049
093050
093051
093052
093053
094001
094002
094003
094004
094005
094006
094007
094008
094009
094010
094011
094012
094013
094014
094015
094016
094017
094018
094019
094020
094021
094022
094023
094024
094025
094026
094027
094028
094029
094030
094031
094032
094033
094034
094035
094036
094037
094038
094039
094040
094041
094042
094043
094044
094045
094046
094047
094048
094049
094050
094051
094052
095001
095002
095003
095004
095005
095006
095007
095008
095009
095010
095011
095012
095013
095014
095015
095016
095017
095018
095019
095020
095021
095022
095023
095024
095025
095026
095027
095028
095029
095030
095031
095032
095033
095034
095035
095036
095037
095038
095039
095040
095041
095042
095043
095044
095045
095046
095047
095048
095049
095050
095051
095052
095053
095054
095055
095056
095057
095058
095059
095060
095061
095062
095063
095064
095065
095066
095067
095068
095069
095070
095071
095072
095073
095074
095075
095076
095077
095078
095079
095080
095082
095083
095084
095085
095086
095087
095088
096001
096002
096003
096004
096005
096006
096007
096008
096009
096010
096012
096013
096014
096015
096016
096017
096018
096019
096020
096021
096023
096024
096025
096026
096027
096028
096030
096031
096032
096033
096034
096035
096037
096038
096039
096040
096041
096042
096043
096044
096046
096047
096048
096049
096050
096051
096053
096054
096055
096056
096057
096058
096059
096062
096063
096064
096065
096066
096067
096068
096069
096070
096071
096072
096073
096074
096075
096076
096077
096078
096079
096080
096081
096082
096083
096084
096085
096086
097001
097002
097003
097004
097005
097006
097007
097008
097009
097010
097011
097012
097013
097014
097015
097016
097017
097018
097019
097020
097021
097022
097023
097024
097025
097026
097027
097028
097029
097030
097031
097032
097033
097034
097035
097036
097037
097038
097039
097040
097042
097043
097044
097045
097046
097047
097048
097049
097050
097051
097052
097053
097054
097055
097056
097057
097058
097059
097060
097061
097062
097063
097064
097065
097067
097068
097069
097070
097071
097072
097074
097075
097076
097077
097078
097079
097082
097083
097084
097085
097086
097090
097091
097092
097093
098001
098002
098003
098004
098005
098006
098008
098009
098010
098011
098012
098013
098014
098015
098017
098018
098019
098020
098021
098022
098023
098024
098025
098026
098027
098028
098029
098030
098031
098032
098033
098034
098035
098036
098037
098038
098039
098040
098041
098042
098043
098044
098045
098046
098047
098048
098049
098050
098051
098052
098053
098054
098055
098056
098057
098058
098059
098060
098061
098062
099001
099002
099003
099004
099005
099006
099008
099009
099011
099013
099014
099015
099016
099017
099018
099020
099021
099022
099023
099024
099025
099026
099027
099028
099029
100001
100002
100003
100004
100005
100006
100007
101001
101002
101003
101004
101005
101006
101007
101008
101009
101010
101011
101012
101013
101014
101015
101016
101017
101018
101019
101020
101021
101022
101023
101024
101025
101026
101027
102001
102002
102003
102004
102005
102006
102007
102008
102009
102010
102011
102012
102013
102014
102015
102016
102017
102018
102019
102020
102021
102022
102023
102024
102025
102026
102027
102028
102029
102030
102031
102032
102033
102034
102035
102036
102037
102038
102039
102040
102041
102042
102043
102044
102045
102046
102047
102048
102049
102050
103001
103002
103003
103004
103005
103006
103007
103008
103009
103010
103011
103012
103013
103014
103015
103016
103017
103018
103019
103020
103021
103022
103023
103024
103025
103026
103027
103028
103029
103030
103031
103032
103033
103034
103035
103036
103037
103038
103039
103040
103041
103042
103043
103044
103045
103046
103047
103048
103049
103050
103051
103052
103053
103054
103055
103056
103057
103058
103059
103060
103061
103062
103064
103065
103066
103067
103068
103069
103070
103071
103072
103074
103075
103076
103077
103078
108001
108002
108003
108004
108005
108006
108007
108008
108009
108010
108011
108012
108013
108014
108015
108016
108017
108018
108019
108020
108021
108022
108023
108024
108025
108026
108027
108028
108029
108030
108031
108032
108033
108034
108035
108036
108037
108038
108039
108040
108041
108042
108043
108044
108045
108046
108047
108048
108049
108050
108051
108052
108053
108054
108055
109001
109002
109003
109004
109005
109006
109007
109008
109009
109010
109011
109012
109013
109014
109015
109016
109017
109018
109019
109020
109021
109022
109023
109024
109025
109026
109027
109028
109029
109030
109031
109032
109033
109034
109035
109036
109037
109038
109039
109040
110001
110002
110003
110004
110005
110006
110007
110008
110009
110010
111001
111002
111003
111004
111005
111006
111007
111008
111009
111010
111011
111012
111013
111014
111015
111016
111017
111018
111019
111020
111021
111022
111023
111024
111025
111026
111027
111028
111029
111030
111031
111032
111033
111034
111035
111036
111037
111038
111039
111040
111041
111042
111043
111044
111045
111046
111047
111048
111049
111050
111051
111052
111053
111054
111055
111056
111057
111058
111059
111060
111061
111062
111063
111064
111065
111066
111067
111068
111069
111070
111071
111072
111073
111074
111075
111076
111077
111078
111079
111080
111081
111082
111083
111084
111085
111086
111087
111088
111089
111090
111091
111092
111093
111094
111095
111096
111097
111098
111099
111100
111101
111102
111103
111104
111105
111106
111107
da aggiornare
